 result time real space tlim rlim slim
2qbf-5cnf-100var-400cl.1 3 0.00 0.01 0.0 2700 2700 7000
2qbf-5cnf-150var-300cl.1 3 0.00 0.01 0.0 2700 2700 7000
2qbf-5cnf-150var-300cl.2 3 0.00 0.01 0.0 2700 2700 7000
2qbf-5cnf-150var-600cl.1 3 0.00 0.04 0.0 2700 2700 7000
2qbf-5cnf-150var-600cl.2 3 0.00 0.01 0.0 2700 2700 7000
2qbf-5cnf-50var-300cl.2 3 0.00 0.01 0.0 2700 2700 7000
3qbf-5cnf-100var-1200cl.1 3 0.00 0.01 0.0 2700 2700 7000
3qbf-5cnf-100var-1200cl.2 3 0.00 0.01 0.0 2700 2700 7000
3qbf-5cnf-100var-400cl.1 3 0.00 0.01 0.0 2700 2700 7000
3qbf-5cnf-100var-400cl.2 3 0.00 0.01 0.0 2700 2700 7000
3qbf-5cnf-150var-1200cl.1 3 0.00 0.01 0.0 2700 2700 7000
3qbf-5cnf-150var-1200cl.2 3 0.00 0.01 0.0 2700 2700 7000
3qbf-5cnf-150var-1500cl.1 3 0.00 0.02 0.0 2700 2700 7000
3qbf-5cnf-150var-1500cl.2 3 0.00 0.01 0.0 2700 2700 7000
4qbf-5cnf-100var-1000cl.2 3 0.00 0.02 0.0 2700 2700 7000
4qbf-5cnf-100var-1600cl.2 3 0.00 0.02 0.0 2700 2700 7000
4qbf-5cnf-100var-600cl.1 1 2699.99 2700.14 78.0 2700 2700 7000
4qbf-5cnf-100var-600cl.2 1 2699.98 2700.14 78.0 2700 2700 7000
4qbf-5cnf-100var-800cl.2 3 0.00 0.02 0.0 2700 2700 7000
4qbf-5cnf-150var-1500cl.1 3 0.00 0.02 0.0 2700 2700 7000
4qbf-5cnf-150var-1500cl.2 3 0.00 0.02 0.0 2700 2700 7000
4qbf-5cnf-150var-1800cl.2 3 0.00 0.09 0.0 2700 2700 7000
4qbf-5cnf-150var-600cl.1 3 0.00 0.01 0.0 2700 2700 7000
4qbf-5cnf-150var-600cl.2 3 0.00 0.03 0.0 2700 2700 7000
4qbf-5cnf-150var-900cl.2 1 2699.98 2700.14 86.0 2700 2700 7000
4qbf-5cnf-50var-200cl.1 3 0.00 0.01 0.0 2700 2700 7000
4qbf-5cnf-50var-200cl.2 3 0.00 0.04 0.0 2700 2700 7000
4qbf-5cnf-50var-300cl.1 1 2699.97 2700.12 76.0 2700 2700 7000
4qbf-5cnf-50var-500cl.1 3 0.00 0.03 0.0 2700 2700 7000
4qbf-5cnf-50var-500cl.2 3 0.00 0.02 0.0 2700 2700 7000
4qbf-5cnf-50var-700cl.1 3 0.00 0.03 0.0 2700 2700 7000
4qbf-5cnf-50var-900cl.2 3 0.00 0.03 0.0 2700 2700 7000
5qbf-5cnf-100var-1000cl.2 1 2699.99 2700.13 123.0 2700 2700 7000
5qbf-5cnf-100var-1400cl.1 3 0.00 0.02 0.0 2700 2700 7000
5qbf-5cnf-100var-1400cl.2 3 0.00 0.02 0.0 2700 2700 7000
5qbf-5cnf-100var-800cl.1 3 0.00 0.01 0.0 2700 2700 7000
5qbf-5cnf-100var-800cl.2 3 0.00 0.02 0.0 2700 2700 7000
5qbf-5cnf-150var-1800cl.1 3 0.00 0.03 0.0 2700 2700 7000
5qbf-5cnf-150var-1800cl.2 3 0.00 0.04 0.0 2700 2700 7000
5qbf-5cnf-150var-2100cl.1 3 0.00 0.07 0.0 2700 2700 7000
5qbf-5cnf-150var-2100cl.2 3 0.00 0.11 0.0 2700 2700 7000
5qbf-5cnf-150var-600cl.1 3 0.00 0.09 0.0 2700 2700 7000
5qbf-5cnf-150var-600cl.2 3 0.00 0.09 0.0 2700 2700 7000
5qbf-5cnf-50var-300cl.1 3 0.00 0.05 0.0 2700 2700 7000
5qbf-5cnf-50var-300cl.2 3 0.00 0.03 0.0 2700 2700 7000
5qbf-5cnf-50var-800cl.2 3 0.00 0.02 0.0 2700 2700 7000
BLOCKS3i.4.4 3 1.41 1.51 10.0 2700 2700 7000
BLOCKS3i.5.3 3 10.10 10.15 12.0 2700 2700 7000
BLOCKS3i.5.4 3 23.11 23.16 17.0 2700 2700 7000
BLOCKS3ii.4.3 3 0.07 0.13 0.0 2700 2700 7000
BLOCKS3ii.5.2 3 0.29 0.38 9.0 2700 2700 7000
BLOCKS3ii.5.3 3 0.20 0.29 10.0 2700 2700 7000
BLOCKS3iii.4 3 0.05 0.12 0.0 2700 2700 7000
BLOCKS3iii.5 3 0.09 0.16 6.0 2700 2700 7000
BLOCKS4i.6.4 1 2699.97 2700.13 81.0 2700 2700 7000
BLOCKS4ii.6.3 3 1196.11 1196.17 76.0 2700 2700 7000
BLOCKS4ii.7.2 3 162.28 162.32 80.0 2700 2700 7000
BLOCKS4iii.6 3 44.56 44.62 38.0 2700 2700 7000
BLOCKS4iii.7 3 1010.48 1010.52 121.0 2700 2700 7000
C432.blif_0.10_0.20_0_0_inp_exact 3 83.78 83.86 17.0 2700 2700 7000
C432.blif_0.10_0.20_0_1_inp_exact 3 0.00 1.15 1.0 2700 2700 7000
C499.blif_0.10_0.20_0_1_inp_exact 3 1.28 2.42 11.0 2700 2700 7000
C6288.blif_0.10_0.20_0_0_inp_exact 1 2698.74 2700.10 75.0 2700 2700 7000
C6288.blif_0.10_0.20_0_1_inp_exact 1 2699.81 2700.12 75.0 2700 2700 7000
C880.blif_0.10_0.20_0_0_inp_exact 1 2698.73 2700.11 58.0 2700 2700 7000
C880.blif_0.10_0.20_0_1_inp_exact 1 2699.34 2700.11 58.0 2700 2700 7000
Core1108_tbm_21.tex.module.000030 3 39.30 39.34 21.0 2700 2700 7000
TOILET10.1.iv.20 3 0.12 0.16 7.0 2700 2700 7000
TOILET16.1.iv.32 3 10.80 10.86 50.0 2700 2700 7000
TOILET2.1.iv.3 3 0.00 0.02 0.0 2700 2700 7000
TOILET6.1.iv.11 3 1.80 1.86 8.0 2700 2700 7000
TOILET6.1.iv.12 3 0.00 0.05 0.0 2700 2700 7000
TOILET7.1.iv.13 3 13.00 13.03 15.0 2700 2700 7000
TOILET7.1.iv.14 3 0.00 0.08 0.0 2700 2700 7000
W4-Umbrella_tbm_21.tex.moduleQ3.6S.000001 3 75.40 75.44 42.0 2700 2700 7000
W5-Umbrella_tbm_26.tex.moduleQ3.7S.000003 3 80.50 80.52 38.0 2700 2700 7000
arbiter-06-comp-error01-qbf-hardness-depth-15 3 354.09 354.18 57.0 2700 2700 7000
arbiter-09-comp-error01-qbf-hardness-depth-15 3 775.96 776.10 89.0 2700 2700 7000
b21_PR_8_20 3 0.30 0.34 39.0 2700 2700 7000
b21_PR_9_90 3 0.22 0.29 39.0 2700 2700 7000
b22_PR_9_90 3 17.00 17.05 121.0 2700 2700 7000
bobsm5378d2 1 2700.02 2700.15 63.0 2700 2700 7000
bobsm9234 1 2700.03 2700.14 36.0 2700 2700 7000
bobsmhdlc 1 2699.99 2700.13 73.0 2700 2700 7000
bobsmhdlc1 1 2700.03 2700.11 57.0 2700 2700 7000
bobsmhdlc2 1 2697.40 2700.11 34.0 2700 2700 7000
bobsmhdlc3 1 2700.00 2700.14 61.0 2700 2700 7000
bobtuint31neg 3 0.01 0.25 0.0 2700 2700 7000
c1_Debug_s3_f2_e1_v1 2 1931.68 1932.54 7001.0 2700 2700 7000
c2_Debug_s3_f1_e1_v2 1 2699.44 2700.11 2120.0 2700 2700 7000
ceiling128 1 2700.02 2700.12 85.0 2700 2700 7000
ceiling256 1 2699.98 2700.13 127.0 2700 2700 7000
ceiling32 3 0.00 0.01 0.0 2700 2700 7000
comp.blif_0.10_0.20_0_0_inp_exact 3 0.00 0.10 0.0 2700 2700 7000
comp.blif_0.10_0.20_0_1_inp_exact 3 0.00 0.07 0.0 2700 2700 7000
decomposition128 3 0.00 0.12 0.0 2700 2700 7000
decomposition256 3 0.00 0.07 0.0 2700 2700 7000
decomposition32 3 0.00 0.06 0.0 2700 2700 7000
depots02_7 3 47.68 47.76 56.0 2700 2700 7000
depots04_7 1 2699.93 2700.12 352.0 2700 2700 7000
depots04_8 1 2699.75 2700.12 366.0 2700 2700 7000
depots07_7 3 1358.45 1359.27 230.0 2700 2700 7000
depots08_6 1 2699.52 2700.12 859.0 2700 2700 7000
depots08_7 1 2699.95 2700.11 859.0 2700 2700 7000
depots10_7 1 2699.52 2700.13 664.0 2700 2700 7000
depots16_7 1 2699.98 2700.14 643.0 2700 2700 7000
driverlog01_5 3 0.21 0.26 13.0 2700 2700 7000
driverlog01_6 3 0.14 0.36 11.0 2700 2700 7000
driverlog01_7 3 0.30 0.32 10.0 2700 2700 7000
driverlog03_6 3 1.90 1.95 16.0 2700 2700 7000
driverlog03_7 3 1.30 1.33 18.0 2700 2700 7000
driverlog03_8 3 103.69 103.78 44.0 2700 2700 7000
driverlog04_7 3 33.88 33.98 28.0 2700 2700 7000
driverlog04_8 3 2320.89 2320.98 108.0 2700 2700 7000
driverlog05_7 3 100.67 100.77 38.0 2700 2700 7000
driverlog05_8 3 2258.88 2258.99 102.0 2700 2700 7000
driverlog06_4 3 1.28 1.32 25.0 2700 2700 7000
driverlog07_7 3 9.98 10.05 47.0 2700 2700 7000
driverlog08_7 3 32.69 32.81 50.0 2700 2700 7000
driverlog09_8 1 2699.98 2700.12 188.0 2700 2700 7000
driverlog10_5 3 35.30 35.38 90.0 2700 2700 7000
driverlog10_7 1 2700.00 2700.14 268.0 2700 2700 7000
driverlog11_7 3 446.10 446.18 125.0 2700 2700 7000
driverlog11_8 1 2699.99 2700.12 158.0 2700 2700 7000
driverlog11_9 1 2700.00 2700.13 172.0 2700 2700 7000
driverlog12_7 3 354.17 354.29 303.0 2700 2700 7000
driverlog13_7 1 2699.75 2700.13 326.0 2700 2700 7000
dungeon_i25-m12-u3-v0.pddl_planlen=130 1 2699.98 2700.12 978.0 2700 2700 7000
dungeon_i25-m12-u3-v0.pddl_planlen=146 1 2699.87 2700.12 1013.0 2700 2700 7000
dungeon_i25-m12-u3-v0.pddl_planlen=165 1 2699.92 2700.11 1175.0 2700 2700 7000
dungeon_i25-m12-u3-v0.pddl_planlen=190 1 2699.82 2700.11 1260.0 2700 2700 7000
dungeon_i25-m12-u3-v0.pddl_planlen=72 1 2699.74 2700.12 776.0 2700 2700 7000
dungeon_i25-m12-u5-v0.pddl_planlen=143 3 767.08 767.29 730.0 2700 2700 7000
dungeon_i25-m12-u5-v0.pddl_planlen=198 1 2699.18 2700.11 1305.0 2700 2700 7000
dungeon_i25-m12-u5-v0.pddl_planlen=200 1 2699.92 2700.11 1194.0 2700 2700 7000
dungeon_i25-m12-u5-v0.pddl_planlen=65 3 164.50 164.61 359.0 2700 2700 7000
dungeon_i25-m12-u5-v0.pddl_planlen=81 3 88.76 88.91 284.0 2700 2700 7000
dungeon_i25-m12-u5-v0.pddl_planlen=86 3 76.58 76.85 339.0 2700 2700 7000
dungeon_i25-m12-u5-v0.pddl_planlen=98 3 199.10 199.25 478.0 2700 2700 7000
eijkbs1512 1 2700.04 2700.11 52.0 2700 2700 7000
eijkbs3330 1 2700.02 2700.10 47.0 2700 2700 7000
eijkbs4863 1 2699.78 2700.12 83.0 2700 2700 7000
equalization32 3 0.00 0.05 0.0 2700 2700 7000
flipflop-3-c 3 0.00 0.12 0.0 2700 2700 7000
flipflop-4-c 3 0.00 0.05 0.0 2700 2700 7000
flipflop-5-c 3 0.00 0.07 0.0 2700 2700 7000
floor128 3 0.00 0.06 0.0 2700 2700 7000
floor256 3 0.00 0.08 0.0 2700 2700 7000
floor32 3 0.00 0.20 3.0 2700 2700 7000
hex_rand_6x6-20m-0 3 1507.50 1507.54 78.0 2700 2700 7000
hex_rand_6x6-20m-1 3 2136.88 2137.00 83.0 2700 2700 7000
hex_rand_6x6-20m-3 1 2700.02 2700.13 98.0 2700 2700 7000
hex_rand_6x6-20m-6 3 1761.42 1761.48 82.0 2700 2700 7000
hex_rand_6x6-20m-7 3 105.96 106.04 28.0 2700 2700 7000
hex_rand_6x6-20m-8 3 413.96 414.11 50.0 2700 2700 7000
intermediate128 1 2699.95 2700.12 95.0 2700 2700 7000
intermediate32 1 2699.75 2700.12 63.0 2700 2700 7000
kenflashp01 3 0.00 0.04 0.0 2700 2700 7000
kenflashp02 3 0.00 0.05 0.0 2700 2700 7000
kenflashp04 3 0.00 0.06 0.0 2700 2700 7000
kenflashp12 3 0.00 0.11 0.0 2700 2700 7000
kenoopp1 3 0.00 0.08 0.0 2700 2700 7000
lights3_021_1_022 3 53.07 53.17 47.0 2700 2700 7000
lights3_021_1_033 3 91.16 91.34 61.0 2700 2700 7000
lights3_035_1_021 3 0.00 0.09 0.0 2700 2700 7000
lights3_035_1_032 3 526.10 526.20 185.0 2700 2700 7000
lights3_035_1_059 1 2699.99 2700.11 376.0 2700 2700 7000
lognBWLARGEA1 3 12.99 13.02 197.0 2700 2700 7000
lognBWLARGEB1 3 41.10 41.19 557.0 2700 2700 7000
nreachq_nxquery_1344 3 373.30 373.46 45.0 2700 2700 7000
nreachq_query02_1344 1 2699.98 2700.13 164.0 2700 2700 7000
nreachq_query05_1344 1 2699.97 2700.12 136.0 2700 2700 7000
nreachq_query26_1344 1 2699.97 2700.13 124.0 2700 2700 7000
nreachq_query52_1344 1 2699.95 2700.11 140.0 2700 2700 7000
pdtpmsgigamax 1 2700.00 2700.11 64.0 2700 2700 7000
pdtpmsmiim 1 2699.98 2700.12 58.0 2700 2700 7000
pdtpmsrotate32 1 2699.99 2700.14 45.0 2700 2700 7000
query10_axquery_1344 3 10.07 10.18 38.0 2700 2700 7000
query10_query05_1344 1 2699.98 2700.10 121.0 2700 2700 7000
query10_query07_1344 3 474.48 474.55 78.0 2700 2700 7000
query10_query36_1344 1 2699.97 2700.10 193.0 2700 2700 7000
query10_reachqu_1344 3 38.47 38.55 106.0 2700 2700 7000
reachqu_exquery_1344 3 371.84 372.00 45.0 2700 2700 7000
reachqu_nxquery_1344 3 58.59 58.66 34.0 2700 2700 7000
reachqu_query01_1344 1 2699.98 2700.10 108.0 2700 2700 7000
reachqu_query07_1344 3 630.19 630.23 84.0 2700 2700 7000
s00420_PR_1_20 3 0.00 0.02 0.0 2700 2700 7000
s01488_PR_1_10 3 0.00 0.06 0.0 2700 2700 7000
s1196_1_5 3 2395.12 2395.21 105.0 2700 2700 7000
s13207_1_107 3 0.79 0.83 18.0 2700 2700 7000
s3330_1_70 3 0.17 0.24 9.0 2700 2700 7000
s38417_PR_4_50 3 0.00 0.02 0.0 2700 2700 7000
s38584_3_238 3 256.89 257.00 80.0 2700 2700 7000
s38584_PR_8_50 3 0.00 0.03 0.0 2700 2700 7000
s5378_1_0 3 0.29 0.33 19.0 2700 2700 7000
sortnetsort10.v.stepl.004 1 2699.92 2700.11 112.0 2700 2700 7000
sortnetsort10.v.stepl.005 1 2694.18 2700.13 159.0 2700 2700 7000
sortnetsort10.v.stepl.006 1 2700.03 2700.12 209.0 2700 2700 7000
sortnetsort10.v.stepl.007 1 2700.03 2700.12 233.0 2700 2700 7000
sortnetsort10.v.stepl.008 1 2700.03 2700.12 282.0 2700 2700 7000
sortnetsort10.v.stepl.009 1 2700.02 2700.12 271.0 2700 2700 7000
sortnetsort10.v.stepl.010 3 1753.60 1753.74 237.0 2700 2700 7000
sortnetsort10.v.stepl.011 3 513.75 513.85 140.0 2700 2700 7000
sortnetsort10.v.stepl.012 3 1366.79 1366.90 229.0 2700 2700 7000
sortnetsort5.v.stepl.003 3 0.00 0.07 0.0 2700 2700 7000
sortnetsort5.v.stepl.004 3 0.60 0.65 5.0 2700 2700 7000
sortnetsort5.v.stepl.005 3 0.21 0.23 4.0 2700 2700 7000
sortnetsort5.v.stepl.006 3 0.00 0.04 0.0 2700 2700 7000
sortnetsort5.v.stepl.007 3 0.00 0.04 0.0 2700 2700 7000
sortnetsort6.v.stepl.003 3 0.30 0.33 5.0 2700 2700 7000
sortnetsort6.v.stepl.004 3 4.20 4.27 10.0 2700 2700 7000
sortnetsort6.v.stepl.005 3 0.30 0.32 6.0 2700 2700 7000
sortnetsort6.v.stepl.006 3 0.21 0.23 5.0 2700 2700 7000
sortnetsort6.v.stepl.007 3 0.20 0.26 6.0 2700 2700 7000
sortnetsort7.v.stepl.003 3 2.61 2.66 8.0 2700 2700 7000
sortnetsort7.v.stepl.004 3 64.80 64.89 23.0 2700 2700 7000
sortnetsort7.v.stepl.005 1 2699.99 2700.13 105.0 2700 2700 7000
sortnetsort7.v.stepl.006 3 2.99 3.07 11.0 2700 2700 7000
sortnetsort7.v.stepl.007 3 1.76 1.84 10.0 2700 2700 7000
sortnetsort7.v.stepl.008 3 3.59 3.66 14.0 2700 2700 7000
sortnetsort7.v.stepl.009 3 3.21 3.24 13.0 2700 2700 7000
sortnetsort8.v.stepl.003 3 17.55 17.66 17.0 2700 2700 7000
sortnetsort8.v.stepl.004 3 1506.49 1506.57 74.0 2700 2700 7000
sortnetsort8.v.stepl.005 1 2699.98 2700.12 112.0 2700 2700 7000
sortnetsort8.v.stepl.006 3 205.20 205.28 60.0 2700 2700 7000
sortnetsort8.v.stepl.007 3 121.76 121.87 52.0 2700 2700 7000
sortnetsort8.v.stepl.008 3 10.29 10.32 21.0 2700 2700 7000
sortnetsort8.v.stepl.009 3 7.29 7.37 19.0 2700 2700 7000
sortnetsort9.v.stepl.004 1 2699.99 2700.11 101.0 2700 2700 7000
sortnetsort9.v.stepl.005 1 2700.01 2700.12 133.0 2700 2700 7000
sortnetsort9.v.stepl.006 1 2699.96 2700.11 183.0 2700 2700 7000
sortnetsort9.v.stepl.007 1 2699.97 2700.12 207.0 2700 2700 7000
sortnetsort9.v.stepl.008 3 1210.39 1210.50 162.0 2700 2700 7000
sortnetsort9.v.stepl.009 3 70.87 70.91 59.0 2700 2700 7000
sortnetsort9.v.stepl.010 3 250.36 250.54 93.0 2700 2700 7000
sortnetsort9.v.stepl.011 3 27.27 27.44 52.0 2700 2700 7000
sortnetsort9.v.stepl.012 3 10.38 10.46 30.0 2700 2700 7000
stmt21_310_360 3 21.69 21.74 41.0 2700 2700 7000
stmt39_285_335 1 2699.75 2700.12 61.0 2700 2700 7000
szymanski-4-s 3 0.04 0.12 0.0 2700 2700 7000
term1.blif_0.10_0.20_0_0_inp_exact 3 11.37 11.42 14.0 2700 2700 7000
texas.ifetch1^1.E-d3 3 0.00 0.05 0.0 2700 2700 7000
texas.ifetch1^9.E-d3 3 0.00 0.01 0.0 2700 2700 7000
ttt_5x5-shape-0-GTTT-1-1-torus-0 3 0.49 0.59 21.0 2700 2700 7000
ttt_5x5-shape-0-GTTT-1-2-torus-1 3 0.00 0.08 0.0 2700 2700 7000
ttt_5x5-shape-0-GTTT-2-1-torus-0 1 2700.01 2700.12 133.0 2700 2700 7000
ttt_5x5-shape-0-GTTT-2-1-torus-1 1 2699.70 2700.11 131.0 2700 2700 7000
ttt_5x5-shape-0-GTTT-2-2-torus-0 3 0.00 0.08 0.0 2700 2700 7000
ttt_5x5-shape-0-GTTT-2-2-torus-1 3 0.00 0.10 0.0 2700 2700 7000
ttt_5x5-shape-1-GTTT-1-1-torus-0 3 11.30 11.33 27.0 2700 2700 7000
ttt_5x5-shape-1-GTTT-1-1-torus-1 3 14.60 14.62 28.0 2700 2700 7000
ttt_5x5-shape-1-GTTT-1-2-torus-0 1 2700.02 2700.12 177.0 2700 2700 7000
ttt_5x5-shape-1-GTTT-1-2-torus-1 1 2700.00 2700.11 183.0 2700 2700 7000
ttt_5x5-shape-1-GTTT-2-1-torus-0 3 14.30 14.33 23.0 2700 2700 7000
ttt_5x5-shape-1-GTTT-2-1-torus-1 3 15.30 15.36 25.0 2700 2700 7000
