 result time real space tlim rlim slim
2qbf-5cnf-100var-400cl.1 3 0.00 0.15 5.0 2700 2700 7000
2qbf-5cnf-150var-300cl.1 3 0.00 0.15 5.0 2700 2700 7000
2qbf-5cnf-150var-300cl.2 3 0.00 0.03 0.0 2700 2700 7000
2qbf-5cnf-150var-600cl.1 3 0.00 0.06 0.0 2700 2700 7000
2qbf-5cnf-150var-600cl.2 3 0.00 0.07 0.0 2700 2700 7000
2qbf-5cnf-50var-300cl.2 3 0.00 0.04 0.0 2700 2700 7000
3qbf-5cnf-100var-1200cl.1 3 0.00 0.04 0.0 2700 2700 7000
3qbf-5cnf-100var-1200cl.2 3 0.00 0.03 0.0 2700 2700 7000
3qbf-5cnf-100var-400cl.1 3 0.00 0.04 0.0 2700 2700 7000
3qbf-5cnf-100var-400cl.2 3 0.00 0.05 0.0 2700 2700 7000
3qbf-5cnf-150var-1200cl.1 3 0.00 0.12 7.0 2700 2700 7000
3qbf-5cnf-150var-1200cl.2 3 0.00 0.12 6.0 2700 2700 7000
3qbf-5cnf-150var-1500cl.1 3 0.00 0.02 0.0 2700 2700 7000
3qbf-5cnf-150var-1500cl.2 3 0.00 0.02 0.0 2700 2700 7000
4qbf-5cnf-100var-1000cl.2 3 381.80 381.84 462.0 2700 2700 7000
4qbf-5cnf-100var-1600cl.2 3 0.00 0.03 0.0 2700 2700 7000
4qbf-5cnf-100var-600cl.1 3 1963.39 1963.51 291.0 2700 2700 7000
4qbf-5cnf-100var-600cl.2 3 260.50 260.53 175.0 2700 2700 7000
4qbf-5cnf-100var-800cl.2 1 2699.93 2700.11 415.0 2700 2700 7000
4qbf-5cnf-150var-1500cl.1 3 0.20 0.25 12.0 2700 2700 7000
4qbf-5cnf-150var-1500cl.2 3 0.28 0.44 14.0 2700 2700 7000
4qbf-5cnf-150var-1800cl.2 3 8.67 8.82 85.0 2700 2700 7000
4qbf-5cnf-150var-600cl.1 3 0.16 0.23 15.0 2700 2700 7000
4qbf-5cnf-150var-600cl.2 3 0.26 0.37 16.0 2700 2700 7000
4qbf-5cnf-150var-900cl.2 3 13.86 13.94 130.0 2700 2700 7000
4qbf-5cnf-50var-200cl.1 3 0.00 0.07 0.0 2700 2700 7000
4qbf-5cnf-50var-200cl.2 3 0.00 0.10 0.0 2700 2700 7000
4qbf-5cnf-50var-300cl.1 3 0.25 0.38 9.0 2700 2700 7000
4qbf-5cnf-50var-500cl.1 3 0.06 0.17 8.0 2700 2700 7000
4qbf-5cnf-50var-500cl.2 3 0.00 0.20 1.0 2700 2700 7000
4qbf-5cnf-50var-700cl.1 3 0.00 0.20 5.0 2700 2700 7000
4qbf-5cnf-50var-900cl.2 3 0.00 0.25 5.0 2700 2700 7000
5qbf-5cnf-100var-1000cl.2 3 163.77 164.10 179.0 2700 2700 7000
5qbf-5cnf-100var-1400cl.1 3 0.00 0.26 5.0 2700 2700 7000
5qbf-5cnf-100var-1400cl.2 3 0.00 0.25 5.0 2700 2700 7000
5qbf-5cnf-100var-800cl.1 3 0.14 0.26 11.0 2700 2700 7000
5qbf-5cnf-100var-800cl.2 3 0.05 0.41 12.0 2700 2700 7000
5qbf-5cnf-150var-1800cl.1 3 0.00 0.29 1.0 2700 2700 7000
5qbf-5cnf-150var-1800cl.2 3 0.00 0.16 1.0 2700 2700 7000
5qbf-5cnf-150var-2100cl.1 3 0.02 0.13 10.0 2700 2700 7000
5qbf-5cnf-150var-2100cl.2 3 0.00 0.27 1.0 2700 2700 7000
5qbf-5cnf-150var-600cl.1 3 0.00 0.18 1.0 2700 2700 7000
5qbf-5cnf-150var-600cl.2 3 0.05 0.24 0.0 2700 2700 7000
5qbf-5cnf-50var-300cl.1 3 0.00 0.25 5.0 2700 2700 7000
5qbf-5cnf-50var-300cl.2 3 0.04 1.63 5.0 2700 2700 7000
5qbf-5cnf-50var-800cl.2 3 0.00 1.63 4.0 2700 2700 7000
BLOCKS3i.4.4 3 0.05 0.25 0.0 2700 2700 7000
BLOCKS3i.5.3 3 0.08 0.94 8.0 2700 2700 7000
BLOCKS3i.5.4 3 0.09 2.53 5.0 2700 2700 7000
BLOCKS3ii.4.3 3 0.00 2.46 5.0 2700 2700 7000
BLOCKS3ii.5.2 3 0.00 0.36 5.0 2700 2700 7000
BLOCKS3ii.5.3 3 0.05 0.76 8.0 2700 2700 7000
BLOCKS3iii.4 3 0.01 0.76 5.0 2700 2700 7000
BLOCKS3iii.5 3 0.05 0.73 8.0 2700 2700 7000
BLOCKS4i.6.4 3 0.19 1.35 14.0 2700 2700 7000
BLOCKS4ii.6.3 3 0.22 1.44 10.0 2700 2700 7000
BLOCKS4ii.7.2 3 0.23 0.88 14.0 2700 2700 7000
BLOCKS4iii.6 3 0.07 0.82 10.0 2700 2700 7000
BLOCKS4iii.7 3 0.91 2.91 25.0 2700 2700 7000
C432.blif_0.10_0.20_0_0_inp_exact 3 152.18 153.25 132.0 2700 2700 7000
C432.blif_0.10_0.20_0_1_inp_exact 3 0.19 1.36 9.0 2700 2700 7000
C499.blif_0.10_0.20_0_1_inp_exact 3 1.12 1.22 12.0 2700 2700 7000
C6288.blif_0.10_0.20_0_0_inp_exact 1 2699.87 2700.10 1486.0 2700 2700 7000
C6288.blif_0.10_0.20_0_1_inp_exact 1 2699.68 2700.11 1348.0 2700 2700 7000
C880.blif_0.10_0.20_0_0_inp_exact 1 2699.73 2700.11 1163.0 2700 2700 7000
C880.blif_0.10_0.20_0_1_inp_exact 1 2699.88 2700.11 1208.0 2700 2700 7000
Core1108_tbm_21.tex.module.000030 3 16.29 17.17 33.0 2700 2700 7000
TOILET10.1.iv.20 3 0.00 0.07 0.0 2700 2700 7000
TOILET16.1.iv.32 3 0.13 1.11 17.0 2700 2700 7000
TOILET2.1.iv.3 3 0.00 0.10 0.0 2700 2700 7000
TOILET6.1.iv.11 3 0.03 0.16 0.0 2700 2700 7000
TOILET6.1.iv.12 3 0.00 0.03 0.0 2700 2700 7000
TOILET7.1.iv.13 3 0.48 0.58 10.0 2700 2700 7000
TOILET7.1.iv.14 3 0.00 0.04 0.0 2700 2700 7000
W4-Umbrella_tbm_21.tex.moduleQ3.6S.000001 3 60.23 60.52 76.0 2700 2700 7000
W5-Umbrella_tbm_26.tex.moduleQ3.7S.000003 3 38.97 39.06 53.0 2700 2700 7000
arbiter-06-comp-error01-qbf-hardness-depth-15 3 24.78 26.50 103.0 2700 2700 7000
arbiter-09-comp-error01-qbf-hardness-depth-15 3 36.42 36.82 109.0 2700 2700 7000
b21_PR_8_20 3 1972.34 1972.59 6336.0 2700 2700 7000
b21_PR_9_90 3 0.57 0.68 29.0 2700 2700 7000
b22_PR_9_90 3 119.05 119.30 214.0 2700 2700 7000
bobsm5378d2 3 2640.46 2645.20 5451.0 2700 2700 7000
bobsm9234 1 2698.01 2700.19 5113.0 2700 2700 7000
bobsmhdlc 1 2699.14 2700.23 3648.0 2700 2700 7000
bobsmhdlc1 1 2698.46 2700.18 3292.0 2700 2700 7000
bobsmhdlc2 1 2699.03 2700.23 3809.0 2700 2700 7000
bobsmhdlc3 1 2696.90 2700.20 3564.0 2700 2700 7000
bobtuint31neg 1 2699.11 2700.21 3194.0 2700 2700 7000
c1_Debug_s3_f2_e1_v1 3 1784.03 1787.03 3458.0 2700 2700 7000
c2_Debug_s3_f1_e1_v2 1 2695.00 2700.10 210.0 2700 2700 7000
ceiling128 3 2661.94 2662.10 4303.0 2700 2700 7000
ceiling256 3 1970.47 1970.67 4214.0 2700 2700 7000
ceiling32 1 2699.97 2700.10 1289.0 2700 2700 7000
comp.blif_0.10_0.20_0_0_inp_exact 3 0.00 0.05 0.0 2700 2700 7000
comp.blif_0.10_0.20_0_1_inp_exact 3 0.01 0.38 1.0 2700 2700 7000
decomposition128 3 0.00 0.90 4.0 2700 2700 7000
decomposition256 1 2699.13 2700.12 2002.0 2700 2700 7000
decomposition32 3 0.00 0.50 0.0 2700 2700 7000
depots02_7 3 1.05 1.77 18.0 2700 2700 7000
depots04_7 3 12.39 13.82 121.0 2700 2700 7000
depots04_8 3 13.99 15.73 129.0 2700 2700 7000
depots07_7 3 4.79 5.40 54.0 2700 2700 7000
depots08_6 3 17.75 19.61 157.0 2700 2700 7000
depots08_7 3 17.78 19.53 156.0 2700 2700 7000
depots10_7 3 45.28 45.57 424.0 2700 2700 7000
depots16_7 2 672.55 673.68 7000.0 2700 2700 7000
driverlog01_5 3 0.04 0.73 5.0 2700 2700 7000
driverlog01_6 3 0.06 1.45 9.0 2700 2700 7000
driverlog01_7 3 0.05 1.49 9.0 2700 2700 7000
driverlog03_6 3 0.14 0.28 10.0 2700 2700 7000
driverlog03_7 3 0.12 0.24 10.0 2700 2700 7000
driverlog03_8 3 0.33 0.56 12.0 2700 2700 7000
driverlog04_7 3 1.12 1.22 13.0 2700 2700 7000
driverlog04_8 3 9.39 10.98 53.0 2700 2700 7000
driverlog05_7 3 0.98 2.58 13.0 2700 2700 7000
driverlog05_8 3 3.47 3.65 31.0 2700 2700 7000
driverlog06_4 3 0.19 1.50 6.0 2700 2700 7000
driverlog07_7 3 2.29 3.88 23.0 2700 2700 7000
driverlog08_7 3 4.05 4.24 26.0 2700 2700 7000
driverlog09_8 3 6.46 6.69 61.0 2700 2700 7000
driverlog10_5 3 3.48 3.58 35.0 2700 2700 7000
driverlog10_7 3 29.58 29.67 98.0 2700 2700 7000
driverlog11_7 3 12.17 12.22 73.0 2700 2700 7000
driverlog11_8 3 87.47 87.53 186.0 2700 2700 7000
driverlog11_9 1 2699.67 2700.28 4187.0 2700 2700 7000
driverlog12_7 3 6.18 6.22 78.0 2700 2700 7000
driverlog13_7 3 18.17 18.27 116.0 2700 2700 7000
dungeon_i25-m12-u3-v0.pddl_planlen=130 2 1230.66 1231.16 7001.0 2700 2700 7000
dungeon_i25-m12-u3-v0.pddl_planlen=146 2 1393.96 1397.79 7000.0 2700 2700 7000
dungeon_i25-m12-u3-v0.pddl_planlen=165 2 1671.86 1675.63 7000.0 2700 2700 7000
dungeon_i25-m12-u3-v0.pddl_planlen=190 2 2044.29 2048.14 7001.0 2700 2700 7000
dungeon_i25-m12-u3-v0.pddl_planlen=72 1 2699.62 2700.37 4372.0 2700 2700 7000
dungeon_i25-m12-u5-v0.pddl_planlen=143 2 1601.74 1602.59 7000.0 2700 2700 7000
dungeon_i25-m12-u5-v0.pddl_planlen=198 2 2272.43 2275.92 7001.0 2700 2700 7000
dungeon_i25-m12-u5-v0.pddl_planlen=200 2 2383.46 2387.31 7000.0 2700 2700 7000
dungeon_i25-m12-u5-v0.pddl_planlen=65 1 2696.81 2700.23 4021.0 2700 2700 7000
dungeon_i25-m12-u5-v0.pddl_planlen=81 1 2699.82 2700.43 5555.0 2700 2700 7000
dungeon_i25-m12-u5-v0.pddl_planlen=86 1 2699.80 2700.38 6051.0 2700 2700 7000
dungeon_i25-m12-u5-v0.pddl_planlen=98 2 936.30 939.41 7001.0 2700 2700 7000
eijkbs1512 1 2698.98 2700.13 1947.0 2700 2700 7000
eijkbs3330 1 2699.79 2700.31 3339.0 2700 2700 7000
eijkbs4863 1 2699.80 2700.19 2354.0 2700 2700 7000
equalization32 3 0.00 0.20 0.0 2700 2700 7000
flipflop-3-c 3 0.00 0.24 5.0 2700 2700 7000
flipflop-4-c 3 0.00 0.57 5.0 2700 2700 7000
flipflop-5-c 3 0.03 0.62 5.0 2700 2700 7000
floor128 3 2129.65 2136.79 4988.0 2700 2700 7000
floor256 3 1502.75 1503.69 4213.0 2700 2700 7000
floor32 1 2699.15 2700.15 1179.0 2700 2700 7000
hex_rand_6x6-20m-0 1 2699.31 2700.14 2390.0 2700 2700 7000
hex_rand_6x6-20m-1 1 2699.63 2700.13 1512.0 2700 2700 7000
hex_rand_6x6-20m-3 3 306.03 306.36 498.0 2700 2700 7000
hex_rand_6x6-20m-6 3 2434.77 2434.99 1725.0 2700 2700 7000
hex_rand_6x6-20m-7 3 2126.40 2126.76 1382.0 2700 2700 7000
hex_rand_6x6-20m-8 1 2699.88 2700.21 1626.0 2700 2700 7000
intermediate128 1 2699.90 2700.19 2121.0 2700 2700 7000
intermediate32 1 2699.90 2700.11 692.0 2700 2700 7000
kenflashp01 1 2699.60 2700.14 1103.0 2700 2700 7000
kenflashp02 1 2699.78 2700.11 978.0 2700 2700 7000
kenflashp04 1 2699.91 2700.12 1232.0 2700 2700 7000
kenflashp12 1 2699.29 2700.14 936.0 2700 2700 7000
kenoopp1 1 2699.40 2700.14 963.0 2700 2700 7000
lights3_021_1_022 3 0.04 0.74 11.0 2700 2700 7000
lights3_021_1_033 3 0.03 0.74 11.0 2700 2700 7000
lights3_035_1_021 3 0.04 0.67 11.0 2700 2700 7000
lights3_035_1_032 3 0.02 0.58 8.0 2700 2700 7000
lights3_035_1_059 3 0.09 0.47 5.0 2700 2700 7000
lognBWLARGEA1 3 0.16 0.52 12.0 2700 2700 7000
lognBWLARGEB1 3 0.57 1.08 26.0 2700 2700 7000
nreachq_nxquery_1344 3 0.14 0.49 5.0 2700 2700 7000
nreachq_query02_1344 3 0.38 0.81 29.0 2700 2700 7000
nreachq_query05_1344 3 0.63 1.08 34.0 2700 2700 7000
nreachq_query26_1344 3 0.40 1.03 28.0 2700 2700 7000
nreachq_query52_1344 3 255.91 256.22 1134.0 2700 2700 7000
pdtpmsgigamax 1 2699.63 2700.14 2100.0 2700 2700 7000
pdtpmsmiim 1 2699.76 2700.20 2829.0 2700 2700 7000
pdtpmsrotate32 1 2699.29 2700.14 1444.0 2700 2700 7000
query10_axquery_1344 3 0.10 0.90 9.0 2700 2700 7000
query10_query05_1344 3 0.81 1.62 21.0 2700 2700 7000
query10_query07_1344 3 0.10 0.59 14.0 2700 2700 7000
query10_query36_1344 3 112.90 113.39 301.0 2700 2700 7000
query10_reachqu_1344 3 403.40 404.20 1139.0 2700 2700 7000
reachqu_exquery_1344 3 0.10 0.53 14.0 2700 2700 7000
reachqu_nxquery_1344 3 0.16 0.90 6.0 2700 2700 7000
reachqu_query01_1344 3 0.24 0.67 15.0 2700 2700 7000
reachqu_query07_1344 3 0.27 0.98 18.0 2700 2700 7000
s00420_PR_1_20 3 0.00 0.40 1.0 2700 2700 7000
s01488_PR_1_10 3 0.00 0.40 3.0 2700 2700 7000
s1196_1_5 3 58.21 58.40 416.0 2700 2700 7000
s13207_1_107 3 8.99 9.42 74.0 2700 2700 7000
s3330_1_70 3 0.87 1.17 16.0 2700 2700 7000
s38417_PR_4_50 3 0.00 0.06 0.0 2700 2700 7000
s38584_3_238 3 1229.79 1230.76 6451.0 2700 2700 7000
s38584_PR_8_50 3 0.00 1.52 5.0 2700 2700 7000
s5378_1_0 3 287.97 289.52 942.0 2700 2700 7000
sortnetsort10.v.stepl.004 3 80.71 81.46 58.0 2700 2700 7000
sortnetsort10.v.stepl.005 3 176.25 176.77 100.0 2700 2700 7000
sortnetsort10.v.stepl.006 1 2695.28 2700.12 237.0 2700 2700 7000
sortnetsort10.v.stepl.007 3 556.60 557.06 223.0 2700 2700 7000
sortnetsort10.v.stepl.008 3 70.88 71.35 172.0 2700 2700 7000
sortnetsort10.v.stepl.009 3 56.23 56.39 162.0 2700 2700 7000
sortnetsort10.v.stepl.010 3 17.67 18.19 112.0 2700 2700 7000
sortnetsort10.v.stepl.011 3 3.47 3.53 53.0 2700 2700 7000
sortnetsort10.v.stepl.012 3 7.34 7.45 75.0 2700 2700 7000
sortnetsort5.v.stepl.003 3 0.00 0.06 0.0 2700 2700 7000
sortnetsort5.v.stepl.004 3 0.09 0.24 9.0 2700 2700 7000
sortnetsort5.v.stepl.005 3 0.00 0.41 5.0 2700 2700 7000
sortnetsort5.v.stepl.006 3 0.01 0.56 6.0 2700 2700 7000
sortnetsort5.v.stepl.007 3 0.02 0.16 0.0 2700 2700 7000
sortnetsort6.v.stepl.003 3 0.00 0.71 5.0 2700 2700 7000
sortnetsort6.v.stepl.004 3 0.10 0.38 11.0 2700 2700 7000
sortnetsort6.v.stepl.005 3 0.10 0.18 11.0 2700 2700 7000
sortnetsort6.v.stepl.006 3 0.05 0.16 11.0 2700 2700 7000
sortnetsort6.v.stepl.007 3 0.09 0.26 12.0 2700 2700 7000
sortnetsort7.v.stepl.003 3 0.00 0.05 0.0 2700 2700 7000
sortnetsort7.v.stepl.004 3 0.21 0.88 12.0 2700 2700 7000
sortnetsort7.v.stepl.005 3 11.59 11.65 30.0 2700 2700 7000
sortnetsort7.v.stepl.006 3 0.29 0.33 16.0 2700 2700 7000
sortnetsort7.v.stepl.007 3 0.30 0.34 17.0 2700 2700 7000
sortnetsort7.v.stepl.008 3 0.19 0.24 16.0 2700 2700 7000
sortnetsort7.v.stepl.009 3 0.28 0.37 18.0 2700 2700 7000
sortnetsort8.v.stepl.003 3 0.00 0.11 0.0 2700 2700 7000
sortnetsort8.v.stepl.004 3 1.29 1.36 15.0 2700 2700 7000
sortnetsort8.v.stepl.005 3 33.99 34.03 51.0 2700 2700 7000
sortnetsort8.v.stepl.006 3 2.53 2.69 33.0 2700 2700 7000
sortnetsort8.v.stepl.007 3 0.91 1.09 24.0 2700 2700 7000
sortnetsort8.v.stepl.008 3 2.07 2.84 35.0 2700 2700 7000
sortnetsort8.v.stepl.009 3 1.75 1.86 35.0 2700 2700 7000
sortnetsort9.v.stepl.004 3 0.69 0.73 16.0 2700 2700 7000
sortnetsort9.v.stepl.005 3 449.49 449.60 106.0 2700 2700 7000
sortnetsort9.v.stepl.006 1 2699.88 2700.15 200.0 2700 2700 7000
sortnetsort9.v.stepl.007 3 17.29 17.39 73.0 2700 2700 7000
sortnetsort9.v.stepl.008 3 10.47 11.23 67.0 2700 2700 7000
sortnetsort9.v.stepl.009 3 2.30 2.41 42.0 2700 2700 7000
sortnetsort9.v.stepl.010 3 5.20 5.29 61.0 2700 2700 7000
sortnetsort9.v.stepl.011 3 1.60 1.67 37.0 2700 2700 7000
sortnetsort9.v.stepl.012 3 1.69 1.76 39.0 2700 2700 7000
stmt21_310_360 1 2699.93 2700.15 1189.0 2700 2700 7000
stmt39_285_335 1 2699.93 2700.15 1205.0 2700 2700 7000
szymanski-4-s 3 0.00 0.03 0.0 2700 2700 7000
term1.blif_0.10_0.20_0_0_inp_exact 3 47.52 48.45 68.0 2700 2700 7000
texas.ifetch1^1.E-d3 3 0.00 0.14 5.0 2700 2700 7000
texas.ifetch1^9.E-d3 3 0.00 0.03 0.0 2700 2700 7000
ttt_5x5-shape-0-GTTT-1-1-torus-0 1 2699.96 2700.68 5663.0 2700 2700 7000
ttt_5x5-shape-0-GTTT-1-2-torus-1 3 1.38 1.47 50.0 2700 2700 7000
ttt_5x5-shape-0-GTTT-2-1-torus-0 1 2699.91 2700.39 6204.0 2700 2700 7000
ttt_5x5-shape-0-GTTT-2-1-torus-1 1 2699.94 2700.61 5009.0 2700 2700 7000
ttt_5x5-shape-0-GTTT-2-2-torus-0 1 2699.95 2700.61 5420.0 2700 2700 7000
ttt_5x5-shape-0-GTTT-2-2-torus-1 1 2699.93 2700.58 5388.0 2700 2700 7000
ttt_5x5-shape-1-GTTT-1-1-torus-0 1 2699.89 2700.48 6127.0 2700 2700 7000
ttt_5x5-shape-1-GTTT-1-1-torus-1 3 1193.53 1194.24 4957.0 2700 2700 7000
ttt_5x5-shape-1-GTTT-1-2-torus-0 1 2699.96 2700.46 6291.0 2700 2700 7000
ttt_5x5-shape-1-GTTT-1-2-torus-1 1 2699.90 2700.72 5988.0 2700 2700 7000
ttt_5x5-shape-1-GTTT-2-1-torus-0 1 2699.97 2700.49 3607.0 2700 2700 7000
ttt_5x5-shape-1-GTTT-2-1-torus-1 1 2699.12 2700.33 3915.0 2700 2700 7000
