c Generated with qbfgen
 p cnf 160 320
 e 1 2 3 4 5 6 7 8 9 10 11 12 13 14 15 16 17 18 19 20 21 22 23 24 25 26 27 28 29 30 31 32 33 34 35 36 37 38 39 40 41 42 43 44 45 46 47 48 49 50 51 52 53 54 55 56 57 58 59 60 61 62 63 64 65 66 67 68 69 70 71 72 73 74 75 76 77 78 79 80 81 82 83 84 85 86 87 88 89 90 91 92 93 94 95 96 97 98 99 100 101 102 103 104 105 106 107 108 109 110 111 112 113 114 115 116 117 118 119 120 121 122 123 124 125 126 127 128 129 130 131 132 133 134 135 136 137 138 139 140 141 142 143 144 145 146 147 148 149 150 151 152 153 154 155 156 157 158 159 160 0
 64 1 -84 54 -17 0
 65 102 15 133 120 0
 -155 -103 158 68 9 0
 -68 31 8 132 -159 0
 -133 -147 -93 -9 58 0
 93 98 81 88 -104 0
 71 -67 -37 -156 -158 0
 143 -22 41 115 141 0
 29 80 -92 -124 77 0
 94 68 81 -128 66 0
 78 13 46 -129 -54 0
 -71 7 -108 123 127 0
 -89 84 -58 56 -123 0
 21 -120 22 29 160 0
 -141 114 -132 -97 -105 0
 -50 142 79 31 119 0
 -156 99 -5 -74 -69 0
 6 72 87 -108 21 0
 115 -160 -60 139 70 0
 -126 74 50 15 82 0
 2 -67 123 72 85 0
 -98 24 93 35 42 0
 143 109 -67 155 -110 0
 -63 -57 -59 79 70 0
 -120 -152 21 -34 -147 0
 -86 62 -95 144 -157 0
 -138 -96 29 -25 123 0
 72 -13 -21 -27 -130 0
 -36 -56 -30 145 -16 0
 85 -26 91 -56 1 0
 -64 18 20 53 -119 0
 25 109 78 47 -70 0
 69 -142 3 17 126 0
 -58 -40 -47 -141 -37 0
 46 -115 -38 -29 -49 0
 -100 90 15 109 -43 0
 87 -34 44 -139 -40 0
 -58 -88 -32 -76 -128 0
 -124 51 86 -141 -43 0
 106 -52 8 -33 -156 0
 84 -133 37 86 -105 0
 147 131 -155 -135 -84 0
 72 -138 47 60 62 0
 76 -11 -100 -139 25 0
 73 8 -85 39 117 0
 -54 134 88 -27 -148 0
 143 -57 115 74 107 0
 -1 40 -135 64 -23 0
 -1 129 -154 149 -40 0
 10 52 -110 -55 -138 0
 17 12 95 18 -22 0
 -15 151 19 -5 -136 0
 -137 60 62 6 143 0
 153 86 -36 -111 -93 0
 128 -4 -77 116 72 0
 -98 123 -16 -150 77 0
 123 -157 -11 67 54 0
 105 -127 -38 -44 -139 0
 119 145 133 44 73 0
 -133 114 40 17 -1 0
 61 27 76 97 -41 0
 -50 -87 -94 -95 -103 0
 96 -133 116 48 40 0
 -1 144 -8 -100 -11 0
 -13 121 108 -19 1 0
 -93 140 129 77 52 0
 -42 52 -150 -43 9 0
 -80 78 147 30 -40 0
 -30 -21 -139 123 128 0
 115 -36 40 -25 64 0
 -112 -1 -93 -119 34 0
 -28 101 4 85 11 0
 -71 -13 -47 15 147 0
 -22 93 -90 123 138 0
 85 127 136 148 -141 0
 -139 -11 -12 136 -116 0
 -65 -116 33 106 -29 0
 -61 101 54 5 -114 0
 -1 -40 112 13 33 0
 -6 -5 48 -34 70 0
 6 69 -21 -132 64 0
 -119 121 -148 120 -123 0
 -90 -66 -8 -52 99 0
 99 73 126 90 -20 0
 -119 103 -27 -25 160 0
 -160 -119 129 11 -55 0
 -17 133 -37 -24 -56 0
 61 78 138 79 4 0
 154 94 6 -149 1 0
 -77 114 119 6 39 0
 -153 -158 98 -150 122 0
 61 114 -73 -65 -52 0
 -6 -53 15 -112 119 0
 -140 124 95 -39 4 0
 144 125 -115 -58 -116 0
 140 159 -30 -149 160 0
 -115 132 -104 12 -67 0
 -154 54 3 -13 -123 0
 -38 32 -157 -90 -127 0
 116 -21 129 82 -40 0
 116 127 -119 -148 118 0
 68 -65 125 -110 54 0
 -10 53 -58 143 -29 0
 -130 -11 23 -146 80 0
 -121 86 -69 66 -20 0
 65 77 -88 -119 148 0
 -29 -60 -145 99 70 0
 88 154 -147 -12 97 0
 -144 -106 103 141 44 0
 -129 -96 -82 69 89 0
 139 50 127 -82 -80 0
 26 -15 -122 61 125 0
 71 124 82 -123 -47 0
 -150 -18 -29 30 73 0
 80 -160 -117 -110 -67 0
 72 -92 -136 84 44 0
 -21 61 89 148 4 0
 -44 120 -48 73 92 0
 72 -43 -26 3 105 0
 160 39 -40 7 -88 0
 117 14 -24 -73 -71 0
 -72 -142 -39 54 -15 0
 72 -32 134 -130 51 0
 123 98 -88 -137 38 0
 11 -105 25 56 44 0
 91 130 41 -4 -76 0
 39 -82 83 135 -35 0
 14 -17 151 -66 -25 0
 -49 -140 -114 57 99 0
 -158 -135 91 -1 -40 0
 -6 34 -150 -35 58 0
 73 -97 40 21 91 0
 -30 -137 -80 -143 149 0
 -40 84 -46 15 -134 0
 20 -118 -1 -105 88 0
 -28 -151 120 32 68 0
 97 -7 -88 -42 49 0
 110 -155 44 34 -99 0
 131 -19 30 -143 -40 0
 -6 35 9 -132 62 0
 -6 83 -120 -153 -143 0
 107 141 85 21 -92 0
 -75 -58 -120 -128 47 0
 49 6 -45 -160 -77 0
 -65 -47 66 -56 -88 0
 -97 -24 -27 -55 -77 0
 -67 -134 20 149 155 0
 28 -76 31 12 -6 0
 114 84 79 49 -99 0
 -142 -53 -63 -100 -134 0
 146 -79 -12 -49 132 0
 116 -130 18 -156 -136 0
 113 77 -60 -134 -32 0
 118 -36 -128 17 -54 0
 2 -79 42 106 25 0
 -17 136 40 -31 -58 0
 -60 -127 -65 -71 90 0
 -73 59 -86 -2 32 0
 80 -1 146 -70 20 0
 -38 -37 18 71 5 0
 -109 -155 -140 90 102 0
 -153 116 -71 40 -89 0
 60 152 -137 85 -144 0
 -21 11 -160 67 -34 0
 -8 138 11 89 -130 0
 -132 -93 142 -117 156 0
 34 -123 138 69 67 0
 41 -131 80 24 82 0
 -9 -72 -146 97 115 0
 -75 -14 -83 119 -8 0
 -146 121 -102 -96 108 0
 10 160 -24 139 81 0
 -81 -5 -96 120 -20 0
 152 -12 54 85 151 0
 138 17 154 -5 -125 0
 74 -45 -9 -150 -107 0
 -9 42 -36 45 145 0
 21 -62 64 15 -39 0
 -127 -135 -78 63 -32 0
 -114 -137 -83 -96 -50 0
 -48 -29 -15 135 76 0
 -119 -27 37 -68 91 0
 -54 46 -126 2 97 0
 -23 -74 -109 132 -144 0
 122 144 -40 50 98 0
 -128 -124 90 -35 -111 0
 -109 -87 -61 69 -142 0
 125 109 159 19 -112 0
 62 -100 -91 -58 64 0
 -76 107 -60 -69 151 0
 8 -48 -127 155 -9 0
 -91 -102 -92 -119 155 0
 -24 157 -51 -96 -93 0
 -62 150 -12 -118 -98 0
 52 121 -114 97 9 0
 -27 150 149 -145 -106 0
 91 50 -31 -117 17 0
 130 50 -14 122 -120 0
 122 -41 134 -105 35 0
 -156 -9 84 -31 -100 0
 -31 -149 -28 107 73 0
 -108 -123 54 27 151 0
 135 68 -123 -120 42 0
 101 66 127 -116 160 0
 86 154 -78 38 -151 0
 159 -120 -19 40 -29 0
 150 130 -93 -14 44 0
 49 38 7 57 70 0
 -23 -65 -59 -99 -72 0
 -50 -14 -9 -49 132 0
 -42 14 21 83 103 0
 77 -22 121 100 63 0
 -14 -4 112 118 -57 0
 -11 -52 60 160 -97 0
 51 -82 -70 -155 -20 0
 134 156 147 145 137 0
 34 -94 138 -160 -1 0
 139 22 -54 -103 -140 0
 -106 48 111 5 -70 0
 -98 -9 -56 -137 -150 0
 -78 82 -115 -29 -42 0
 -49 151 -153 -102 -123 0
 54 -116 103 117 -152 0
 -93 -22 -73 115 6 0
 128 64 158 80 1 0
 -128 148 -84 58 85 0
 56 -32 -58 91 57 0
 -65 66 30 8 62 0
 57 -68 118 63 -110 0
 -97 -38 5 -102 -142 0
 45 35 -96 46 127 0
 13 86 52 100 -122 0
 56 -50 36 89 -77 0
 39 -31 6 130 -23 0
 49 -86 -54 -21 -116 0
 -65 98 39 7 -154 0
 6 91 -1 -88 151 0
 -11 -67 -132 -37 134 0
 43 -104 58 147 86 0
 106 -87 19 -147 24 0
 -33 -14 82 -158 -64 0
 -77 -43 -27 -72 -157 0
 -51 -13 -127 -54 135 0
 -130 78 1 -39 101 0
 -140 2 97 -17 135 0
 -81 -36 21 -86 -23 0
 99 92 -41 -78 -8 0
 128 151 38 -80 18 0
 -58 63 -97 11 -114 0
 -62 -147 30 -7 125 0
 1 -56 -147 -19 64 0
 15 110 109 57 -131 0
 -69 97 -49 -99 -111 0
 34 40 -81 -83 160 0
 -71 -43 -21 -32 -33 0
 18 24 83 3 71 0
 48 -102 35 -5 -129 0
 86 126 6 -5 155 0
 144 2 23 112 14 0
 -153 138 -21 -114 101 0
 -8 132 147 19 107 0
 144 79 -96 -142 -91 0
 -128 -99 -68 36 84 0
 133 -114 -147 27 -107 0
 61 92 -34 -77 -129 0
 -64 -65 -114 -137 -59 0
 -4 126 -14 -147 -21 0
 -26 34 151 -116 -153 0
 -152 88 -104 -137 -159 0
 -155 136 -160 -138 30 0
 -116 -117 -156 -159 145 0
 -142 -106 89 40 135 0
 -110 -21 119 118 -25 0
 -144 -6 10 -123 -142 0
 -146 -15 -107 38 72 0
 -20 -19 82 18 -131 0
 38 -131 6 -16 3 0
 112 -137 -42 33 -20 0
 42 65 -153 -96 104 0
 -115 141 -148 125 154 0
 124 80 107 -106 122 0
 10 148 -76 -147 -121 0
 -90 -110 130 -120 77 0
 33 48 -85 94 89 0
 -109 94 -140 86 156 0
 118 -9 59 140 30 0
 -139 -16 -18 -23 -25 0
 75 1 145 -153 67 0
 150 -34 75 140 4 0
 74 -47 33 13 160 0
 111 -137 145 141 -92 0
 144 -105 -134 15 2 0
 -96 89 -68 -157 139 0
 -132 -80 53 -85 4 0
 -21 -141 -50 158 -124 0
 29 -56 -154 143 151 0
 60 89 121 99 -146 0
 57 -113 153 99 132 0
 -140 -46 16 38 -71 0
 -29 32 34 139 -25 0
 101 100 87 -69 -77 0
 -74 5 -75 -58 -35 0
 -54 -56 -37 132 60 0
 -156 -6 -18 -149 -68 0
 -76 -79 -6 59 -39 0
 150 113 56 -116 -11 0
 -18 -40 120 51 12 0
 -102 -87 121 49 1 0
 -124 127 114 -94 -11 0
 96 -38 55 -115 -18 0
 29 -85 13 113 -53 0
 111 -60 153 -66 102 0
 106 12 51 137 -64 0
 -71 -3 2 29 35 0
 -72 -139 131 78 -29 0
 -124 35 27 16 129 0
 -11 -53 -88 137 -48 0
 57 -68 -71 12 130 0
 -138 11 36 -31 -158 0
 76 -87 -145 -112 149 0
 