 result time real space tlim rlim slim
2qbf-5cnf-100var-400cl.1 3 0.00 0.03 0.0 2700 2700 7000
2qbf-5cnf-150var-300cl.1 3 0.00 0.17 5.0 2700 2700 7000
2qbf-5cnf-150var-300cl.2 3 0.00 0.02 0.0 2700 2700 7000
2qbf-5cnf-150var-600cl.1 3 0.00 0.04 0.0 2700 2700 7000
2qbf-5cnf-150var-600cl.2 3 0.00 0.18 5.0 2700 2700 7000
2qbf-5cnf-50var-300cl.2 3 0.00 0.04 0.0 2700 2700 7000
3qbf-5cnf-100var-1200cl.1 3 0.00 0.01 0.0 2700 2700 7000
3qbf-5cnf-100var-1200cl.2 3 0.00 0.02 0.0 2700 2700 7000
3qbf-5cnf-100var-400cl.1 3 0.00 0.02 0.0 2700 2700 7000
3qbf-5cnf-100var-400cl.2 3 0.00 0.02 0.0 2700 2700 7000
3qbf-5cnf-150var-1200cl.1 3 0.00 0.05 0.0 2700 2700 7000
3qbf-5cnf-150var-1200cl.2 3 0.00 0.06 0.0 2700 2700 7000
3qbf-5cnf-150var-1500cl.1 3 0.00 0.09 0.0 2700 2700 7000
3qbf-5cnf-150var-1500cl.2 3 0.00 0.13 0.0 2700 2700 7000
4qbf-5cnf-100var-1000cl.2 3 296.83 297.04 463.0 2700 2700 7000
4qbf-5cnf-100var-1600cl.2 3 0.01 0.14 7.0 2700 2700 7000
4qbf-5cnf-100var-600cl.1 3 1705.63 1705.88 291.0 2700 2700 7000
4qbf-5cnf-100var-600cl.2 3 232.96 233.19 175.0 2700 2700 7000
4qbf-5cnf-100var-800cl.2 1 2699.89 2700.10 434.0 2700 2700 7000
4qbf-5cnf-150var-1500cl.1 3 0.22 0.34 12.0 2700 2700 7000
4qbf-5cnf-150var-1500cl.2 3 0.31 0.43 13.0 2700 2700 7000
4qbf-5cnf-150var-1800cl.2 3 8.32 8.42 85.0 2700 2700 7000
4qbf-5cnf-150var-600cl.1 3 0.16 0.43 14.0 2700 2700 7000
4qbf-5cnf-150var-600cl.2 3 0.24 0.56 17.0 2700 2700 7000
4qbf-5cnf-150var-900cl.2 3 12.93 13.29 133.0 2700 2700 7000
4qbf-5cnf-50var-200cl.1 3 0.00 0.35 1.0 2700 2700 7000
4qbf-5cnf-50var-200cl.2 3 0.04 0.13 8.0 2700 2700 7000
4qbf-5cnf-50var-300cl.1 3 0.26 0.36 9.0 2700 2700 7000
4qbf-5cnf-50var-500cl.1 3 0.03 0.20 8.0 2700 2700 7000
4qbf-5cnf-50var-500cl.2 3 0.00 0.25 6.0 2700 2700 7000
4qbf-5cnf-50var-700cl.1 3 0.01 0.12 8.0 2700 2700 7000
4qbf-5cnf-50var-900cl.2 3 0.00 0.02 0.0 2700 2700 7000
5qbf-5cnf-100var-1000cl.2 3 129.80 129.89 179.0 2700 2700 7000
5qbf-5cnf-100var-1400cl.1 3 0.00 0.02 0.0 2700 2700 7000
5qbf-5cnf-100var-1400cl.2 3 0.00 0.05 0.0 2700 2700 7000
5qbf-5cnf-100var-800cl.1 3 0.11 0.25 11.0 2700 2700 7000
5qbf-5cnf-100var-800cl.2 3 0.00 0.11 0.0 2700 2700 7000
5qbf-5cnf-150var-1800cl.1 3 0.00 0.03 0.0 2700 2700 7000
5qbf-5cnf-150var-1800cl.2 3 0.00 0.03 0.0 2700 2700 7000
5qbf-5cnf-150var-2100cl.1 3 0.00 0.05 0.0 2700 2700 7000
5qbf-5cnf-150var-2100cl.2 3 0.00 0.03 0.0 2700 2700 7000
5qbf-5cnf-150var-600cl.1 3 0.00 0.03 0.0 2700 2700 7000
5qbf-5cnf-150var-600cl.2 3 0.00 0.06 0.0 2700 2700 7000
5qbf-5cnf-50var-300cl.1 3 0.00 0.02 0.0 2700 2700 7000
5qbf-5cnf-50var-300cl.2 3 0.00 0.04 0.0 2700 2700 7000
5qbf-5cnf-50var-800cl.2 3 0.00 0.02 0.0 2700 2700 7000
ActivityService 1 2699.98 2700.10 717.0 2700 2700 7000
ActivityService2 1 2699.68 2700.10 723.0 2700 2700 7000
GuidanceService 1 2699.70 2700.10 921.0 2700 2700 7000
GuidanceService2 1 2699.73 2700.10 925.0 2700 2700 7000
PhaseService 1 2699.96 2700.11 754.0 2700 2700 7000
arbiter-08-comp-error02-qbf-hardness-depth-9 3 148.26 148.81 129.0 2700 2700 7000
b20_C_3_2 2 1095.75 1096.64 7054.0 2700 2700 7000
b21_C_3_206 3 952.97 953.57 5936.0 2700 2700 7000
bobsm5378d2 1 2696.72 2700.20 5495.0 2700 2700 7000
bobsm9234 1 2699.83 2700.19 5154.0 2700 2700 7000
bobsmhdlc 1 2699.73 2700.27 3769.0 2700 2700 7000
bobsmhdlc1 1 2699.87 2700.16 3268.0 2700 2700 7000
bobsmhdlc2 1 2699.71 2700.34 3753.0 2700 2700 7000
bobsmhdlc3 1 2699.76 2700.26 3694.0 2700 2700 7000
bobtuint31neg 1 2698.76 2700.17 3105.0 2700 2700 7000
c1_Debug_s3_f2_e1_v2 3 365.26 366.60 2016.0 2700 2700 7000
ceiling128 1 2699.84 2700.27 4292.0 2700 2700 7000
ceiling256 3 1735.32 1735.58 4214.0 2700 2700 7000
ceiling32 1 2699.67 2700.12 1250.0 2700 2700 7000
decomposition128 3 0.00 0.06 0.0 2700 2700 7000
decomposition32 3 0.00 0.13 5.0 2700 2700 7000
dungeon_i15-m7-u4-v0.pddl_planlen=168 3 333.88 334.35 2756.0 2700 2700 7000
dungeon_i15-m7-u4-v0.pddl_planlen=81 3 158.15 158.26 1556.0 2700 2700 7000
eijkbs1512 1 2699.88 2700.14 1974.0 2700 2700 7000
eijkbs3330 1 2699.73 2700.19 3509.0 2700 2700 7000
eijkbs4863 1 2697.88 2700.16 2384.0 2700 2700 7000
equalization32 3 0.00 0.42 4.0 2700 2700 7000
filesys_smbmrx_midatlas.c 1 2691.99 2700.11 1494.0 2700 2700 7000
floor128 3 2056.46 2057.01 5040.0 2700 2700 7000
floor256 3 1544.17 1545.68 4212.0 2700 2700 7000
floor32 1 2691.29 2700.11 1200.0 2700 2700 7000
hex_hein_4x4_06 3 376.91 378.39 347.0 2700 2700 7000
hex_hein_4x4_07 3 819.82 821.22 609.0 2700 2700 7000
hex_hein_4x4_12 3 9.33 10.76 28.0 2700 2700 7000
hex_rand_6x6-20m-4 3 409.13 410.58 431.0 2700 2700 7000
intermediate128 1 2699.67 2700.17 2151.0 2700 2700 7000
intermediate32 1 2699.96 2700.12 692.0 2700 2700 7000
kenflashp01 1 2699.69 2700.13 1081.0 2700 2700 7000
kenflashp02 1 2699.90 2700.14 976.0 2700 2700 7000
kenflashp04 1 2699.92 2700.11 1214.0 2700 2700 7000
kenflashp12 1 2699.78 2700.12 948.0 2700 2700 7000
kenoopp1 1 2699.95 2700.12 949.0 2700 2700 7000
kmdf_pcidrv_sys_hw_physet.c 1 2699.89 2700.11 2471.0 2700 2700 7000
lights3_021_1_022 3 0.01 0.17 9.0 2700 2700 7000
lights3_021_1_033 3 0.04 0.14 11.0 2700 2700 7000
lights3_035_1_021 3 0.00 0.08 0.0 2700 2700 7000
lights3_035_1_032 3 0.09 0.24 0.0 2700 2700 7000
lights3_035_1_059 3 0.08 0.58 15.0 2700 2700 7000
network_ndis_rtlnwifi_hw_hw_ccmp.c 1 2699.95 2700.14 1836.0 2700 2700 7000
pdtpmsgigamax 1 2699.96 2700.13 2065.0 2700 2700 7000
pdtpmsmiim 1 2699.96 2700.19 2819.0 2700 2700 7000
pdtpmsrotate32 1 2699.98 2700.13 1528.0 2700 2700 7000
s05378_PR_4_90 3 0.10 0.14 13.0 2700 2700 7000
s1196_1_5 3 59.29 59.34 378.0 2700 2700 7000
s13207_1_107 3 9.29 9.41 74.0 2700 2700 7000
s3330_1_70 3 0.91 0.94 16.0 2700 2700 7000
s38584_3_238 3 1136.37 1136.49 6441.0 2700 2700 7000
s5378_1_0 3 255.10 255.13 906.0 2700 2700 7000
sortnetsort9.v.stepl.005 3 474.56 475.53 105.0 2700 2700 7000
stmt11_643_645 1 2699.71 2700.15 545.0 2700 2700 7000
stmt124_966_965 1 2699.90 2700.14 607.0 2700 2700 7000
stmt137_542_543 1 2696.81 2700.14 790.0 2700 2700 7000
stmt137_903_911 1 2699.97 2700.11 716.0 2700 2700 7000
stmt16_0_1 3 32.31 32.36 54.0 2700 2700 7000
stmt16_285_286 1 2699.87 2700.12 728.0 2700 2700 7000
stmt16_47_48 1 2699.96 2700.17 2027.0 2700 2700 7000
stmt16_588_589 1 2699.98 2700.11 1027.0 2700 2700 7000
stmt16_68_69 1 2699.97 2700.17 2084.0 2700 2700 7000
stmt16_76_77 1 2699.56 2700.14 2145.0 2700 2700 7000
stmt16_818_819 1 2698.53 2700.13 638.0 2700 2700 7000
stmt16_950_951 1 2699.26 2700.12 1118.0 2700 2700 7000
stmt17_143_144 1 2698.53 2700.14 532.0 2700 2700 7000
stmt17_18_19 3 1117.84 1117.97 297.0 2700 2700 7000
stmt17_99_98 1 2699.93 2700.18 2076.0 2700 2700 7000
stmt18_258_260 1 2699.71 2700.12 614.0 2700 2700 7000
stmt19_83_412 1 2699.91 2700.13 1368.0 2700 2700 7000
stmt1_145_146 3 0.00 0.97 5.0 2700 2700 7000
stmt1_20_21 3 0.00 0.02 0.0 2700 2700 7000
stmt1_30_31 3 0.00 0.02 0.0 2700 2700 7000
stmt1_392_393 1 2699.96 2700.14 425.0 2700 2700 7000
stmt1_60_61 1 2699.97 2700.16 1933.0 2700 2700 7000
stmt1_629_630 1 2699.97 2700.11 1233.0 2700 2700 7000
stmt1_787_788 1 2699.70 2700.13 680.0 2700 2700 7000
stmt1_79_80 1 2699.91 2700.14 1945.0 2700 2700 7000
stmt1_811_812 3 23.28 23.33 30.0 2700 2700 7000
stmt1_919_920 1 2699.74 2700.12 608.0 2700 2700 7000
stmt1_953_954 1 2699.89 2700.12 730.0 2700 2700 7000
stmt21_181_369 1 2699.93 2700.12 1313.0 2700 2700 7000
stmt21_326_327 1 2699.92 2700.10 552.0 2700 2700 7000
stmt24_148_149 3 0.00 0.04 0.0 2700 2700 7000
stmt24_292_293 1 2699.65 2700.13 499.0 2700 2700 7000
stmt24_765_766 1 2699.65 2700.14 739.0 2700 2700 7000
stmt24_7_8 3 0.00 0.08 0.0 2700 2700 7000
stmt25_52_53 1 2699.89 2700.13 1908.0 2700 2700 7000
stmt25_597_598 1 2699.96 2700.14 744.0 2700 2700 7000
stmt27_296_297 1 2699.96 2700.10 490.0 2700 2700 7000
stmt27_584_603 1 2699.90 2700.11 806.0 2700 2700 7000
stmt27_93_98 1 2699.95 2700.13 1961.0 2700 2700 7000
stmt27_946_955 1 2699.95 2700.10 803.0 2700 2700 7000
stmt29_226_376 1 2699.96 2700.13 1303.0 2700 2700 7000
stmt2_480_551 1 2699.96 2700.12 809.0 2700 2700 7000
stmt2_649_647 1 2699.94 2700.12 632.0 2700 2700 7000
stmt2_649_723 1 2699.95 2700.13 733.0 2700 2700 7000
stmt2_649_776 1 2699.96 2700.12 954.0 2700 2700 7000
stmt2_976_999 3 0.00 0.05 0.0 2700 2700 7000
stmt32_122_129 3 0.00 0.29 1.0 2700 2700 7000
stmt32_570_572 1 2699.92 2700.15 717.0 2700 2700 7000
stmt37_941_942 1 2699.92 2700.12 1056.0 2700 2700 7000
stmt38_943_942 1 2699.92 2700.14 1077.0 2700 2700 7000
stmt3_639_640 1 2699.74 2700.13 397.0 2700 2700 7000
stmt3_969_973 1 2699.97 2700.13 488.0 2700 2700 7000
stmt41_118_131 1 2699.89 2700.15 1667.0 2700 2700 7000
stmt41_262_275 1 2699.96 2700.14 1597.0 2700 2700 7000
stmt41_566_580 1 2699.97 2700.11 896.0 2700 2700 7000
stmt41_738_737 1 2693.08 2700.12 629.0 2700 2700 7000
stmt41_738_749 1 2699.95 2700.12 1113.0 2700 2700 7000
stmt44_107_108 3 0.00 0.01 0.0 2700 2700 7000
stmt44_107_113 3 0.00 0.06 0.0 2700 2700 7000
stmt44_252_301 1 2699.97 2700.11 587.0 2700 2700 7000
stmt44_435_436 1 2698.75 2700.15 508.0 2700 2700 7000
stmt44_554_555 1 2698.75 2700.15 734.0 2700 2700 7000
stmt44_554_604 1 2699.92 2700.12 722.0 2700 2700 7000
stmt44_726_773 1 2699.94 2700.14 627.0 2700 2700 7000
stmt44_916_917 1 2699.21 2700.15 612.0 2700 2700 7000
stmt5_731_730 1 2699.97 2700.13 591.0 2700 2700 7000
stmt6_13_14 3 0.00 0.01 0.0 2700 2700 7000
stmt70_191_213 1 2699.83 2700.15 561.0 2700 2700 7000
stmt70_495_501 1 2699.97 2700.14 715.0 2700 2700 7000
stmt70_854_859 1 2699.97 2700.13 605.0 2700 2700 7000
stmt72_696_721 1 2699.97 2700.12 709.0 2700 2700 7000
stmt82_224_225 1 2699.98 2700.12 489.0 2700 2700 7000
stmt86_889_890 1 2699.97 2700.12 922.0 2700 2700 7000
stmt9_350_351 1 2696.82 2700.12 411.0 2700 2700 7000
stmt9_445_446 1 2699.97 2700.12 542.0 2700 2700 7000
toilet_a_02_01.2 3 0.00 0.04 0.0 2700 2700 7000
toilet_a_02_01.3 3 0.00 1.20 5.0 2700 2700 7000
toilet_a_04_01.2 3 0.00 1.21 5.0 2700 2700 7000
toilet_a_04_01.3 3 0.00 0.09 0.0 2700 2700 7000
toilet_a_04_01.4 3 0.00 0.67 5.0 2700 2700 7000
toilet_a_04_01.5 3 0.00 0.26 5.0 2700 2700 7000
toilet_a_04_01.6 3 0.00 0.02 0.0 2700 2700 7000
toilet_a_04_01.7 3 0.00 0.02 0.0 2700 2700 7000
toilet_a_04_01.8 3 0.00 0.02 0.0 2700 2700 7000
toilet_a_06_01.10 3 0.00 0.10 0.0 2700 2700 7000
toilet_a_06_01.11 3 0.00 0.07 0.0 2700 2700 7000
toilet_a_06_01.12 3 0.00 0.07 0.0 2700 2700 7000
toilet_a_06_01.2 3 0.00 0.07 0.0 2700 2700 7000
toilet_a_06_01.3 3 0.00 0.03 0.0 2700 2700 7000
toilet_a_06_01.4 3 0.00 0.02 0.0 2700 2700 7000
toilet_a_06_01.5 3 0.00 0.03 0.0 2700 2700 7000
toilet_a_06_01.6 3 0.00 0.03 0.0 2700 2700 7000
toilet_a_06_01.7 3 0.00 0.60 5.0 2700 2700 7000
toilet_a_06_01.8 3 0.00 0.60 5.0 2700 2700 7000
toilet_a_06_01.9 3 0.00 0.03 0.0 2700 2700 7000
toilet_a_06_05.2 3 0.00 0.04 0.0 2700 2700 7000
toilet_a_06_05.3 3 0.00 0.03 0.0 2700 2700 7000
toilet_a_08_01.10 3 0.00 0.07 0.0 2700 2700 7000
toilet_a_08_01.11 3 0.10 0.12 12.0 2700 2700 7000
toilet_a_08_01.12 3 0.10 0.16 12.0 2700 2700 7000
toilet_a_08_01.13 3 0.40 0.42 13.0 2700 2700 7000
toilet_a_08_01.14 3 2.79 2.85 18.0 2700 2700 7000
toilet_a_08_01.15 3 6.20 6.29 22.0 2700 2700 7000
toilet_a_08_01.16 3 0.00 0.10 0.0 2700 2700 7000
toilet_a_08_01.2 3 0.00 0.08 0.0 2700 2700 7000
toilet_a_08_01.3 3 0.00 0.08 0.0 2700 2700 7000
toilet_a_08_01.4 3 0.00 0.08 0.0 2700 2700 7000
toilet_a_08_01.5 3 0.00 0.40 5.0 2700 2700 7000
toilet_a_08_01.6 3 0.00 0.10 0.0 2700 2700 7000
toilet_a_08_01.7 3 0.00 0.08 0.0 2700 2700 7000
toilet_a_08_01.8 3 0.00 0.29 5.0 2700 2700 7000
toilet_a_08_01.9 3 0.00 0.07 0.0 2700 2700 7000
toilet_a_08_05.10 3 0.09 0.15 13.0 2700 2700 7000
toilet_a_08_05.2 3 0.00 0.06 0.0 2700 2700 7000
toilet_a_08_05.3 3 0.08 0.14 13.0 2700 2700 7000
toilet_a_08_05.4 3 0.00 0.08 0.0 2700 2700 7000
toilet_a_08_05.5 3 0.00 0.09 0.0 2700 2700 7000
toilet_a_08_05.6 3 0.10 0.12 13.0 2700 2700 7000
toilet_a_08_05.7 3 0.00 0.09 0.0 2700 2700 7000
toilet_a_08_05.8 3 0.00 0.10 0.0 2700 2700 7000
toilet_a_08_05.9 3 0.00 0.10 0.0 2700 2700 7000
toilet_a_10_01.10 3 0.50 0.59 21.0 2700 2700 7000
toilet_a_10_01.11 3 0.84 1.99 23.0 2700 2700 7000
toilet_a_10_01.12 3 0.75 0.94 29.0 2700 2700 7000
toilet_a_10_01.13 3 1.36 1.42 31.0 2700 2700 7000
toilet_a_10_01.14 3 3.83 4.96 36.0 2700 2700 7000
toilet_a_10_01.15 3 11.59 11.66 40.0 2700 2700 7000
toilet_a_10_01.16 3 27.35 27.49 54.0 2700 2700 7000
toilet_a_10_01.17 3 56.94 58.02 68.0 2700 2700 7000
toilet_a_10_01.18 3 192.38 192.45 65.0 2700 2700 7000
toilet_a_10_01.19 3 67.35 67.42 67.0 2700 2700 7000
toilet_a_10_01.2 3 0.65 0.74 26.0 2700 2700 7000
toilet_a_10_01.20 3 0.65 0.73 30.0 2700 2700 7000
toilet_a_10_01.3 3 0.56 0.68 23.0 2700 2700 7000
toilet_a_10_01.4 3 0.56 0.65 26.0 2700 2700 7000
toilet_a_10_01.5 3 0.55 0.68 22.0 2700 2700 7000
toilet_a_10_01.6 3 0.86 0.94 26.0 2700 2700 7000
toilet_a_10_01.7 3 0.56 0.65 25.0 2700 2700 7000
toilet_a_10_01.8 3 0.53 1.18 22.0 2700 2700 7000
toilet_a_10_01.9 3 0.53 1.18 22.0 2700 2700 7000
toilet_a_10_05.2 3 0.54 1.18 23.0 2700 2700 7000
toilet_a_10_05.3 3 0.63 1.27 30.0 2700 2700 7000
toilet_a_10_05.4 3 0.62 1.28 30.0 2700 2700 7000
toilet_c_02_01.2 3 0.00 0.05 0.0 2700 2700 7000
toilet_c_02_01.3 3 0.00 0.04 0.0 2700 2700 7000
toilet_c_04_01.2 3 0.00 0.05 0.0 2700 2700 7000
toilet_c_04_01.3 3 0.00 0.05 0.0 2700 2700 7000
toilet_c_04_01.4 3 0.00 0.04 0.0 2700 2700 7000
toilet_c_04_01.5 3 0.00 0.05 0.0 2700 2700 7000
toilet_c_04_01.6 3 0.00 0.05 0.0 2700 2700 7000
toilet_c_04_01.7 3 0.00 0.04 0.0 2700 2700 7000
toilet_c_04_01.8 3 0.00 0.04 0.0 2700 2700 7000
toilet_c_06_01.10 3 0.00 0.06 0.0 2700 2700 7000
toilet_c_06_01.11 3 0.00 0.07 0.0 2700 2700 7000
toilet_c_06_01.12 3 0.01 0.12 0.0 2700 2700 7000
toilet_c_06_01.2 3 0.00 1.03 4.0 2700 2700 7000
toilet_c_06_01.3 3 0.00 0.08 0.0 2700 2700 7000
toilet_c_06_01.4 3 0.00 0.15 5.0 2700 2700 7000
toilet_c_06_01.5 3 0.00 0.06 0.0 2700 2700 7000
toilet_c_06_01.6 3 0.00 1.03 5.0 2700 2700 7000
toilet_c_06_01.7 3 0.00 0.17 5.0 2700 2700 7000
toilet_c_06_01.8 3 0.00 0.05 0.0 2700 2700 7000
toilet_c_06_01.9 3 0.00 0.04 0.0 2700 2700 7000
toilet_c_06_05.2 3 0.00 0.04 0.0 2700 2700 7000
toilet_c_06_05.3 3 0.00 0.07 0.0 2700 2700 7000
toilet_c_06_05.4 3 0.00 0.04 0.0 2700 2700 7000
toilet_c_08_01.10 3 0.00 0.04 0.0 2700 2700 7000
toilet_c_08_01.11 3 0.00 0.09 0.0 2700 2700 7000
toilet_c_08_01.12 3 0.07 0.15 8.0 2700 2700 7000
toilet_c_08_01.13 3 0.29 0.34 9.0 2700 2700 7000
toilet_c_08_01.14 3 2.66 3.70 14.0 2700 2700 7000
toilet_c_08_01.15 3 6.09 6.23 18.0 2700 2700 7000
toilet_c_08_01.16 3 0.00 0.97 5.0 2700 2700 7000
toilet_c_08_01.2 3 0.00 0.05 0.0 2700 2700 7000
toilet_c_08_01.3 3 0.00 0.04 0.0 2700 2700 7000
toilet_c_08_01.4 3 0.00 0.04 0.0 2700 2700 7000
toilet_c_08_01.5 3 0.00 0.03 0.0 2700 2700 7000
toilet_c_08_01.6 3 0.00 0.03 0.0 2700 2700 7000
toilet_c_08_01.7 3 0.00 0.03 0.0 2700 2700 7000
toilet_c_08_01.8 3 0.00 0.04 0.0 2700 2700 7000
toilet_c_08_01.9 3 0.00 0.05 0.0 2700 2700 7000
toilet_c_08_05.10 3 0.00 0.06 0.0 2700 2700 7000
toilet_c_08_05.2 3 0.00 0.02 0.0 2700 2700 7000
toilet_c_08_05.3 3 0.00 0.10 0.0 2700 2700 7000
toilet_c_08_05.4 3 0.00 0.05 0.0 2700 2700 7000
toilet_c_08_05.5 3 0.00 0.06 0.0 2700 2700 7000
toilet_c_08_05.6 3 0.01 1.04 9.0 2700 2700 7000
toilet_c_08_05.7 3 0.03 0.23 5.0 2700 2700 7000
toilet_c_08_05.8 3 0.01 0.25 9.0 2700 2700 7000
toilet_c_08_05.9 3 0.00 0.10 0.0 2700 2700 7000
toilet_c_10_01.10 3 0.02 1.04 5.0 2700 2700 7000
toilet_c_10_01.11 3 0.00 0.11 0.0 2700 2700 7000
toilet_c_10_01.12 3 0.19 0.22 10.0 2700 2700 7000
toilet_c_10_01.13 3 0.73 0.87 11.0 2700 2700 7000
toilet_c_10_01.14 3 3.16 3.26 16.0 2700 2700 7000
toilet_c_10_01.15 3 11.00 11.08 20.0 2700 2700 7000
toilet_c_10_01.16 3 27.00 27.06 35.0 2700 2700 7000
toilet_c_10_01.17 3 56.40 56.42 49.0 2700 2700 7000
toilet_c_10_01.18 3 197.20 197.23 45.0 2700 2700 7000
toilet_c_10_01.19 3 67.07 67.16 48.0 2700 2700 7000
toilet_c_10_01.2 3 0.00 0.02 0.0 2700 2700 7000
toilet_c_10_01.20 3 0.00 0.04 0.0 2700 2700 7000
toilet_c_10_01.3 3 0.01 0.52 5.0 2700 2700 7000
toilet_c_10_01.4 3 0.00 0.52 4.0 2700 2700 7000
toilet_c_10_01.5 3 0.00 0.32 5.0 2700 2700 7000
toilet_c_10_01.6 3 0.00 0.08 0.0 2700 2700 7000
toilet_c_10_01.7 3 0.00 0.53 5.0 2700 2700 7000
toilet_c_10_01.8 3 0.00 0.07 0.0 2700 2700 7000
toilet_c_10_01.9 3 0.01 0.52 5.0 2700 2700 7000
toilet_c_10_05.10 3 0.03 0.15 11.0 2700 2700 7000
toilet_c_10_05.11 3 0.02 0.18 9.0 2700 2700 7000
toilet_c_10_05.12 3 0.06 0.14 0.0 2700 2700 7000
toilet_c_10_05.2 3 0.00 0.11 0.0 2700 2700 7000
toilet_c_10_05.3 3 0.04 0.17 10.0 2700 2700 7000
toilet_c_10_05.4 3 0.00 0.11 0.0 2700 2700 7000
toilet_c_10_05.5 3 0.00 0.10 0.0 2700 2700 7000
toilet_c_10_05.6 3 0.00 0.08 0.0 2700 2700 7000
toilet_c_10_05.7 3 0.03 0.14 11.0 2700 2700 7000
toilet_c_10_05.8 3 0.00 0.07 0.0 2700 2700 7000
toilet_c_10_05.9 3 0.02 0.34 11.0 2700 2700 7000
ttt_5x5-shape-1-GTTT-2-2-torus-0 1 2699.69 2700.34 5461.0 2700 2700 7000
