 result time real space tlim rlim slim
2qbf-5cnf-100var-400cl.1 1 2699.82 2700.10 427.0 2700 2700 7000
2qbf-5cnf-150var-300cl.1 1 2699.75 2700.10 381.0 2700 2700 7000
2qbf-5cnf-150var-300cl.2 1 2699.73 2700.10 518.0 2700 2700 7000
2qbf-5cnf-150var-600cl.1 1 2699.96 2700.10 433.0 2700 2700 7000
2qbf-5cnf-150var-600cl.2 1 2699.84 2700.10 495.0 2700 2700 7000
2qbf-5cnf-50var-300cl.2 1 2699.84 2700.10 577.0 2700 2700 7000
3qbf-5cnf-100var-1200cl.1 3 0.00 0.04 0.0 2700 2700 7000
3qbf-5cnf-100var-1200cl.2 3 0.00 0.05 0.0 2700 2700 7000
3qbf-5cnf-100var-400cl.1 3 0.00 0.27 0.0 2700 2700 7000
3qbf-5cnf-100var-400cl.2 3 0.01 0.22 0.0 2700 2700 7000
3qbf-5cnf-150var-1200cl.1 3 0.00 0.02 0.0 2700 2700 7000
3qbf-5cnf-150var-1200cl.2 3 0.00 0.03 0.0 2700 2700 7000
3qbf-5cnf-150var-1500cl.1 3 0.00 0.05 0.0 2700 2700 7000
3qbf-5cnf-150var-1500cl.2 3 0.00 0.18 0.0 2700 2700 7000
4qbf-5cnf-100var-1000cl.2 1 2699.73 2700.10 702.0 2700 2700 7000
4qbf-5cnf-100var-1600cl.2 3 0.00 0.31 0.0 2700 2700 7000
4qbf-5cnf-100var-600cl.1 1 2699.73 2700.10 566.0 2700 2700 7000
4qbf-5cnf-100var-600cl.2 1 2699.88 2700.10 549.0 2700 2700 7000
4qbf-5cnf-100var-800cl.2 1 2699.86 2700.10 471.0 2700 2700 7000
4qbf-5cnf-150var-1500cl.1 3 0.00 0.04 0.0 2700 2700 7000
4qbf-5cnf-150var-1500cl.2 3 0.00 0.16 0.0 2700 2700 7000
4qbf-5cnf-150var-1800cl.2 1 2699.87 2700.10 422.0 2700 2700 7000
4qbf-5cnf-150var-600cl.1 1 2699.98 2700.10 541.0 2700 2700 7000
4qbf-5cnf-150var-600cl.2 1 2699.99 2700.10 516.0 2700 2700 7000
4qbf-5cnf-150var-900cl.2 1 2699.99 2700.10 329.0 2700 2700 7000
4qbf-5cnf-50var-200cl.1 1 2699.43 2700.10 704.0 2700 2700 7000
4qbf-5cnf-50var-200cl.2 1 2699.42 2700.11 531.0 2700 2700 7000
4qbf-5cnf-50var-300cl.1 1 2699.99 2700.10 557.0 2700 2700 7000
4qbf-5cnf-50var-500cl.1 3 0.00 0.05 0.0 2700 2700 7000
4qbf-5cnf-50var-500cl.2 3 0.00 0.33 4.0 2700 2700 7000
4qbf-5cnf-50var-700cl.1 3 0.00 0.29 0.0 2700 2700 7000
4qbf-5cnf-50var-900cl.2 3 0.00 0.04 0.0 2700 2700 7000
5qbf-5cnf-100var-1000cl.2 1 2699.97 2700.10 716.0 2700 2700 7000
5qbf-5cnf-100var-1400cl.1 3 0.00 0.05 0.0 2700 2700 7000
5qbf-5cnf-100var-1400cl.2 3 0.00 0.03 0.0 2700 2700 7000
5qbf-5cnf-100var-800cl.1 3 0.00 0.04 0.0 2700 2700 7000
5qbf-5cnf-100var-800cl.2 3 0.00 0.04 0.0 2700 2700 7000
5qbf-5cnf-150var-1800cl.1 3 0.00 0.27 0.0 2700 2700 7000
5qbf-5cnf-150var-1800cl.2 3 0.00 0.27 0.0 2700 2700 7000
5qbf-5cnf-150var-2100cl.1 3 0.00 0.04 0.0 2700 2700 7000
5qbf-5cnf-150var-2100cl.2 3 0.00 0.09 0.0 2700 2700 7000
5qbf-5cnf-150var-600cl.1 3 0.00 0.01 0.0 2700 2700 7000
5qbf-5cnf-150var-600cl.2 3 0.00 0.01 0.0 2700 2700 7000
5qbf-5cnf-50var-300cl.1 3 0.00 0.01 0.0 2700 2700 7000
5qbf-5cnf-50var-300cl.2 1 2699.98 2700.11 710.0 2700 2700 7000
5qbf-5cnf-50var-800cl.2 3 0.00 0.01 0.0 2700 2700 7000
ActivityService 1 2699.83 2700.11 1402.0 2700 2700 7000
ActivityService2 1 2699.99 2700.11 1416.0 2700 2700 7000
GuidanceService 1 2699.41 2700.11 1048.0 2700 2700 7000
GuidanceService2 1 2699.24 2700.11 870.0 2700 2700 7000
PhaseService 1 2699.62 2700.11 1169.0 2700 2700 7000
arbiter-08-comp-error02-qbf-hardness-depth-9 1 2699.98 2700.10 705.0 2700 2700 7000
b20_C_3_2 1 2699.87 2700.12 647.0 2700 2700 7000
b21_C_3_206 1 2699.87 2700.11 423.0 2700 2700 7000
bobsm5378d2 1 2699.83 2700.11 993.0 2700 2700 7000
bobsm9234 1 2700.01 2700.11 605.0 2700 2700 7000
bobsmhdlc 1 2700.01 2700.11 1077.0 2700 2700 7000
bobsmhdlc1 1 2699.99 2700.11 870.0 2700 2700 7000
bobsmhdlc2 1 2699.85 2700.11 1034.0 2700 2700 7000
bobsmhdlc3 1 2699.98 2700.10 1089.0 2700 2700 7000
bobtuint31neg 3 0.51 0.60 27.0 2700 2700 7000
c1_Debug_s3_f2_e1_v2 1 2700.00 2700.10 968.0 2700 2700 7000
ceiling128 3 129.30 129.38 165.0 2700 2700 7000
ceiling256 1 2700.00 2700.10 229.0 2700 2700 7000
ceiling32 3 0.70 0.79 23.0 2700 2700 7000
decomposition128 3 0.00 0.01 0.0 2700 2700 7000
decomposition32 3 0.00 0.01 0.0 2700 2700 7000
dungeon_i15-m7-u4-v0.pddl_planlen=168 1 2699.38 2700.10 1095.0 2700 2700 7000
dungeon_i15-m7-u4-v0.pddl_planlen=81 1 2699.40 2700.10 695.0 2700 2700 7000
eijkbs1512 1 2699.94 2700.10 891.0 2700 2700 7000
eijkbs3330 1 2699.81 2700.11 861.0 2700 2700 7000
eijkbs4863 1 2699.94 2700.11 1076.0 2700 2700 7000
equalization32 3 0.00 0.06 0.0 2700 2700 7000
filesys_smbmrx_midatlas.c 1 2699.71 2700.10 647.0 2700 2700 7000
floor128 3 1.28 1.42 31.0 2700 2700 7000
floor256 3 6.20 6.55 76.0 2700 2700 7000
floor32 3 0.09 0.17 18.0 2700 2700 7000
hex_hein_4x4_06 1 2699.44 2700.10 785.0 2700 2700 7000
hex_hein_4x4_07 1 2699.39 2700.11 838.0 2700 2700 7000
hex_hein_4x4_12 1 2699.41 2700.10 1046.0 2700 2700 7000
hex_rand_6x6-20m-4 1 2699.41 2700.11 889.0 2700 2700 7000
intermediate128 1 2699.55 2700.11 676.0 2700 2700 7000
intermediate32 1 2699.67 2700.10 608.0 2700 2700 7000
kenflashp01 3 0.00 0.37 4.0 2700 2700 7000
kenflashp02 3 0.00 0.20 0.0 2700 2700 7000
kenflashp04 3 0.06 0.42 0.0 2700 2700 7000
kenflashp12 3 0.09 0.32 17.0 2700 2700 7000
kenoopp1 3 0.00 0.19 0.0 2700 2700 7000
kmdf_pcidrv_sys_hw_physet.c 1 2699.96 2700.10 812.0 2700 2700 7000
lights3_021_1_022 3 0.82 1.08 34.0 2700 2700 7000
lights3_021_1_033 3 0.68 0.75 34.0 2700 2700 7000
lights3_035_1_021 3 0.00 0.19 5.0 2700 2700 7000
lights3_035_1_032 3 0.00 0.08 0.0 2700 2700 7000
lights3_035_1_059 3 2.48 2.55 42.0 2700 2700 7000
network_ndis_rtlnwifi_hw_hw_ccmp.c 1 2699.66 2700.11 277.0 2700 2700 7000
pdtpmsgigamax 1 2699.69 2700.11 528.0 2700 2700 7000
pdtpmsmiim 3 0.37 0.78 21.0 2700 2700 7000
pdtpmsrotate32 3 0.07 0.47 8.0 2700 2700 7000
s05378_PR_4_90 3 0.05 0.32 7.0 2700 2700 7000
s1196_1_5 1 2699.71 2700.10 430.0 2700 2700 7000
s13207_1_107 1 2699.80 2700.10 233.0 2700 2700 7000
s3330_1_70 1 2700.01 2700.10 407.0 2700 2700 7000
s38584_3_238 1 2699.83 2700.10 455.0 2700 2700 7000
s5378_1_0 1 2699.97 2700.10 431.0 2700 2700 7000
sortnetsort9.v.stepl.005 1 2699.75 2700.10 1102.0 2700 2700 7000
stmt11_643_645 3 0.01 0.21 5.0 2700 2700 7000
stmt124_966_965 3 0.11 0.25 9.0 2700 2700 7000
stmt137_542_543 3 0.07 0.50 6.0 2700 2700 7000
stmt137_903_911 3 0.07 0.47 5.0 2700 2700 7000
stmt16_0_1 3 0.00 0.27 0.0 2700 2700 7000
stmt16_285_286 3 0.08 0.23 19.0 2700 2700 7000
stmt16_47_48 3 2.21 2.28 54.0 2700 2700 7000
stmt16_588_589 3 0.21 0.28 24.0 2700 2700 7000
stmt16_68_69 3 3.60 3.67 63.0 2700 2700 7000
stmt16_76_77 3 2.10 2.13 54.0 2700 2700 7000
stmt16_818_819 3 0.00 0.08 0.0 2700 2700 7000
stmt16_950_951 3 0.20 0.23 22.0 2700 2700 7000
stmt17_143_144 3 0.00 0.06 0.0 2700 2700 7000
stmt17_18_19 3 0.00 0.39 0.0 2700 2700 7000
stmt17_99_98 3 4.87 5.22 66.0 2700 2700 7000
stmt18_258_260 3 0.10 0.22 5.0 2700 2700 7000
stmt19_83_412 3 2.06 2.20 70.0 2700 2700 7000
stmt1_145_146 3 0.00 0.18 4.0 2700 2700 7000
stmt1_20_21 3 0.00 0.12 0.0 2700 2700 7000
stmt1_30_31 3 0.00 0.35 0.0 2700 2700 7000
stmt1_392_393 3 0.07 0.42 18.0 2700 2700 7000
stmt1_60_61 3 2.04 2.23 53.0 2700 2700 7000
stmt1_629_630 3 0.41 0.51 30.0 2700 2700 7000
stmt1_787_788 3 0.76 1.20 35.0 2700 2700 7000
stmt1_79_80 3 2.16 2.55 45.0 2700 2700 7000
stmt1_811_812 3 0.00 0.18 0.0 2700 2700 7000
stmt1_919_920 3 0.10 0.25 10.0 2700 2700 7000
stmt1_953_954 3 0.13 0.25 20.0 2700 2700 7000
stmt21_181_369 3 2.74 2.84 82.0 2700 2700 7000
stmt21_326_327 3 0.10 0.19 8.0 2700 2700 7000
stmt24_148_149 3 0.00 0.04 0.0 2700 2700 7000
stmt24_292_293 3 0.00 0.09 0.0 2700 2700 7000
stmt24_765_766 3 0.10 0.15 12.0 2700 2700 7000
stmt24_7_8 3 0.00 0.02 0.0 2700 2700 7000
stmt25_52_53 3 3.20 3.44 51.0 2700 2700 7000
stmt25_597_598 3 0.13 0.39 22.0 2700 2700 7000
stmt27_296_297 3 0.00 0.08 0.0 2700 2700 7000
stmt27_584_603 3 0.20 0.28 22.0 2700 2700 7000
stmt27_93_98 3 2.80 2.83 56.0 2700 2700 7000
stmt27_946_955 3 0.21 0.26 21.0 2700 2700 7000
stmt29_226_376 3 2.40 2.50 89.0 2700 2700 7000
stmt2_480_551 3 0.09 0.20 21.0 2700 2700 7000
stmt2_649_647 3 0.10 0.12 0.0 2700 2700 7000
stmt2_649_723 3 0.00 0.10 0.0 2700 2700 7000
stmt2_649_776 3 0.10 0.19 21.0 2700 2700 7000
stmt2_976_999 6 0.00 0.35 5.0 2700 2700 7000
stmt32_122_129 3 0.00 0.01 0.0 2700 2700 7000
stmt32_570_572 3 0.30 0.32 22.0 2700 2700 7000
stmt37_941_942 3 1.50 1.58 41.0 2700 2700 7000
stmt38_943_942 3 1.30 1.34 40.0 2700 2700 7000
stmt3_639_640 3 0.00 0.07 0.0 2700 2700 7000
stmt3_969_973 3 0.00 0.06 0.0 2700 2700 7000
stmt41_118_131 3 0.13 0.33 22.0 2700 2700 7000
stmt41_262_275 3 0.20 0.30 15.0 2700 2700 7000
stmt41_566_580 3 0.49 0.52 35.0 2700 2700 7000
stmt41_738_737 3 0.14 0.32 20.0 2700 2700 7000
stmt41_738_749 3 0.31 0.37 32.0 2700 2700 7000
stmt44_107_108 3 0.00 0.01 0.0 2700 2700 7000
stmt44_107_113 3 0.00 0.01 0.0 2700 2700 7000
stmt44_252_301 3 0.00 0.07 0.0 2700 2700 7000
stmt44_435_436 3 0.00 0.09 0.0 2700 2700 7000
stmt44_554_555 3 0.10 0.20 8.0 2700 2700 7000
stmt44_554_604 3 0.20 0.22 21.0 2700 2700 7000
stmt44_726_773 3 0.20 0.24 20.0 2700 2700 7000
stmt44_916_917 3 0.11 0.16 20.0 2700 2700 7000
stmt5_731_730 3 0.11 0.13 20.0 2700 2700 7000
stmt6_13_14 3 0.00 0.01 0.0 2700 2700 7000
stmt70_191_213 3 0.09 0.13 18.0 2700 2700 7000
stmt70_495_501 3 0.21 0.23 21.0 2700 2700 7000
stmt70_854_859 3 0.11 0.16 9.0 2700 2700 7000
stmt72_696_721 3 0.10 0.17 10.0 2700 2700 7000
stmt82_224_225 3 0.10 0.12 10.0 2700 2700 7000
stmt86_889_890 3 0.21 0.22 22.0 2700 2700 7000
stmt9_350_351 3 0.10 0.12 0.0 2700 2700 7000
stmt9_445_446 3 0.21 0.25 20.0 2700 2700 7000
toilet_a_02_01.2 3 0.00 0.02 0.0 2700 2700 7000
toilet_a_02_01.3 3 0.00 0.04 0.0 2700 2700 7000
toilet_a_04_01.2 3 0.00 0.04 0.0 2700 2700 7000
toilet_a_04_01.3 3 0.00 0.01 0.0 2700 2700 7000
toilet_a_04_01.4 3 0.00 0.01 0.0 2700 2700 7000
toilet_a_04_01.5 3 0.00 0.03 0.0 2700 2700 7000
toilet_a_04_01.6 3 0.00 0.01 0.0 2700 2700 7000
toilet_a_04_01.7 3 0.00 0.04 0.0 2700 2700 7000
toilet_a_04_01.8 3 0.00 0.02 0.0 2700 2700 7000
toilet_a_06_01.10 3 0.00 0.06 0.0 2700 2700 7000
toilet_a_06_01.11 3 0.00 0.07 0.0 2700 2700 7000
toilet_a_06_01.12 3 14.68 14.81 55.0 2700 2700 7000
toilet_a_06_01.2 3 0.00 0.05 0.0 2700 2700 7000
toilet_a_06_01.3 3 0.00 0.07 0.0 2700 2700 7000
toilet_a_06_01.4 3 0.00 0.05 0.0 2700 2700 7000
toilet_a_06_01.5 3 0.00 0.06 0.0 2700 2700 7000
toilet_a_06_01.6 3 0.00 0.06 0.0 2700 2700 7000
toilet_a_06_01.7 3 0.00 0.03 0.0 2700 2700 7000
toilet_a_06_01.8 3 0.00 0.05 0.0 2700 2700 7000
toilet_a_06_01.9 3 0.00 0.04 0.0 2700 2700 7000
toilet_a_06_05.2 3 0.00 0.06 0.0 2700 2700 7000
toilet_a_06_05.3 3 0.00 0.07 0.0 2700 2700 7000
toilet_a_08_01.10 3 0.31 0.34 5.0 2700 2700 7000
toilet_a_08_01.11 3 1.00 1.08 5.0 2700 2700 7000
toilet_a_08_01.12 3 0.50 0.53 6.0 2700 2700 7000
toilet_a_08_01.13 3 0.71 0.77 6.0 2700 2700 7000
toilet_a_08_01.14 3 172.60 172.70 264.0 2700 2700 7000
toilet_a_08_01.15 3 13.80 13.90 68.0 2700 2700 7000
toilet_a_08_01.16 3 22.10 22.18 59.0 2700 2700 7000
toilet_a_08_01.2 3 0.39 0.50 4.0 2700 2700 7000
toilet_a_08_01.3 3 0.70 0.77 4.0 2700 2700 7000
toilet_a_08_01.4 3 0.50 0.59 4.0 2700 2700 7000
toilet_a_08_01.5 3 0.71 0.76 4.0 2700 2700 7000
toilet_a_08_01.6 3 0.39 0.44 5.0 2700 2700 7000
toilet_a_08_01.7 3 0.58 0.62 5.0 2700 2700 7000
toilet_a_08_01.8 3 0.30 0.33 5.0 2700 2700 7000
toilet_a_08_01.9 3 1.01 1.11 5.0 2700 2700 7000
toilet_a_08_05.10 1 2700.00 2700.10 761.0 2700 2700 7000
toilet_a_08_05.2 3 1.60 1.64 5.0 2700 2700 7000
toilet_a_08_05.3 3 0.70 0.81 5.0 2700 2700 7000
toilet_a_08_05.4 3 3.21 3.30 35.0 2700 2700 7000
toilet_a_08_05.5 3 141.69 141.80 268.0 2700 2700 7000
toilet_a_08_05.6 3 146.67 146.76 137.0 2700 2700 7000
toilet_a_08_05.7 3 173.69 173.75 131.0 2700 2700 7000
toilet_a_08_05.8 3 251.50 251.56 141.0 2700 2700 7000
toilet_a_08_05.9 1 2700.03 2700.10 312.0 2700 2700 7000
toilet_a_10_01.10 3 1.10 1.16 8.0 2700 2700 7000
toilet_a_10_01.11 3 1.20 1.26 9.0 2700 2700 7000
toilet_a_10_01.12 3 3.30 3.38 8.0 2700 2700 7000
toilet_a_10_01.13 3 1.11 1.15 9.0 2700 2700 7000
toilet_a_10_01.14 3 0.90 0.99 9.0 2700 2700 7000
toilet_a_10_01.15 3 5.10 5.16 12.0 2700 2700 7000
toilet_a_10_01.16 3 1.00 1.07 11.0 2700 2700 7000
toilet_a_10_01.17 1 2700.00 2700.10 711.0 2700 2700 7000
toilet_a_10_01.18 1 2699.93 2700.10 600.0 2700 2700 7000
toilet_a_10_01.19 1 2699.99 2700.10 474.0 2700 2700 7000
toilet_a_10_01.2 3 1.60 1.63 8.0 2700 2700 7000
toilet_a_10_01.20 1 2699.99 2700.10 777.0 2700 2700 7000
toilet_a_10_01.3 3 3.00 3.05 7.0 2700 2700 7000
toilet_a_10_01.4 3 2.20 2.31 7.0 2700 2700 7000
toilet_a_10_01.5 3 0.60 0.67 7.0 2700 2700 7000
toilet_a_10_01.6 3 2.90 2.95 7.0 2700 2700 7000
toilet_a_10_01.7 3 1.00 1.02 8.0 2700 2700 7000
toilet_a_10_01.8 3 0.70 0.76 8.0 2700 2700 7000
toilet_a_10_01.9 3 4.81 4.84 8.0 2700 2700 7000
toilet_a_10_05.2 3 2.40 2.45 7.0 2700 2700 7000
toilet_a_10_05.3 3 0.81 0.84 9.0 2700 2700 7000
toilet_a_10_05.4 1 2700.00 2700.11 808.0 2700 2700 7000
toilet_c_02_01.2 3 0.00 0.01 0.0 2700 2700 7000
toilet_c_02_01.3 3 0.00 0.02 0.0 2700 2700 7000
toilet_c_04_01.2 3 0.00 0.01 0.0 2700 2700 7000
toilet_c_04_01.3 3 0.00 0.02 0.0 2700 2700 7000
toilet_c_04_01.4 3 0.00 0.02 0.0 2700 2700 7000
toilet_c_04_01.5 3 0.00 0.05 0.0 2700 2700 7000
toilet_c_04_01.6 3 0.00 0.05 0.0 2700 2700 7000
toilet_c_04_01.7 3 0.00 0.08 0.0 2700 2700 7000
toilet_c_04_01.8 3 0.00 0.11 0.0 2700 2700 7000
toilet_c_06_01.10 3 0.00 0.05 0.0 2700 2700 7000
toilet_c_06_01.11 3 0.00 0.06 0.0 2700 2700 7000
toilet_c_06_01.12 3 0.00 0.05 0.0 2700 2700 7000
toilet_c_06_01.2 3 0.00 0.01 0.0 2700 2700 7000
toilet_c_06_01.3 3 0.00 0.01 0.0 2700 2700 7000
toilet_c_06_01.4 3 0.00 0.02 0.0 2700 2700 7000
toilet_c_06_01.5 3 0.00 0.02 0.0 2700 2700 7000
toilet_c_06_01.6 3 0.00 0.02 0.0 2700 2700 7000
toilet_c_06_01.7 3 0.00 0.03 0.0 2700 2700 7000
toilet_c_06_01.8 3 0.00 0.03 0.0 2700 2700 7000
toilet_c_06_01.9 3 0.00 0.03 0.0 2700 2700 7000
toilet_c_06_05.2 3 0.00 0.02 0.0 2700 2700 7000
toilet_c_06_05.3 3 0.00 0.04 0.0 2700 2700 7000
toilet_c_06_05.4 3 0.00 0.04 0.0 2700 2700 7000
toilet_c_08_01.10 3 1.00 1.05 29.0 2700 2700 7000
toilet_c_08_01.11 3 7.20 7.31 62.0 2700 2700 7000
toilet_c_08_01.12 3 2.31 2.39 41.0 2700 2700 7000
toilet_c_08_01.13 3 146.70 146.74 224.0 2700 2700 7000
toilet_c_08_01.14 3 321.40 321.47 368.0 2700 2700 7000
toilet_c_08_01.15 3 28.40 28.49 114.0 2700 2700 7000
toilet_c_08_01.16 3 1602.40 1602.45 1003.0 2700 2700 7000
toilet_c_08_01.2 3 0.00 0.02 0.0 2700 2700 7000
toilet_c_08_01.3 3 0.00 0.02 0.0 2700 2700 7000
toilet_c_08_01.4 3 0.00 0.05 0.0 2700 2700 7000
toilet_c_08_01.5 3 0.00 0.10 0.0 2700 2700 7000
toilet_c_08_01.6 3 0.00 0.10 0.0 2700 2700 7000
toilet_c_08_01.7 3 0.10 0.12 0.0 2700 2700 7000
toilet_c_08_01.8 3 0.30 0.32 21.0 2700 2700 7000
toilet_c_08_01.9 3 0.60 0.68 26.0 2700 2700 7000
toilet_c_08_05.10 3 580.80 580.86 188.0 2700 2700 7000
toilet_c_08_05.2 3 0.00 0.01 0.0 2700 2700 7000
toilet_c_08_05.3 3 0.10 0.15 19.0 2700 2700 7000
toilet_c_08_05.4 3 0.21 0.23 21.0 2700 2700 7000
toilet_c_08_05.5 3 5.40 5.51 55.0 2700 2700 7000
toilet_c_08_05.6 3 97.31 97.37 107.0 2700 2700 7000
toilet_c_08_05.7 3 100.60 100.67 143.0 2700 2700 7000
toilet_c_08_05.8 3 162.89 162.94 98.0 2700 2700 7000
toilet_c_08_05.9 3 173.38 173.42 109.0 2700 2700 7000
toilet_c_10_01.10 3 0.00 0.05 0.0 2700 2700 7000
toilet_c_10_01.11 3 0.00 0.06 0.0 2700 2700 7000
toilet_c_10_01.12 3 0.00 0.08 0.0 2700 2700 7000
toilet_c_10_01.13 3 0.10 0.15 6.0 2700 2700 7000
toilet_c_10_01.14 3 0.11 0.20 6.0 2700 2700 7000
toilet_c_10_01.15 3 0.40 0.42 7.0 2700 2700 7000
toilet_c_10_01.16 1 2699.98 2700.10 1564.0 2700 2700 7000
toilet_c_10_01.17 3 177.00 177.07 295.0 2700 2700 7000
toilet_c_10_01.18 3 20.80 20.82 131.0 2700 2700 7000
toilet_c_10_01.19 3 236.20 236.23 298.0 2700 2700 7000
toilet_c_10_01.2 3 0.00 0.01 0.0 2700 2700 7000
toilet_c_10_01.20 3 1069.90 1069.97 438.0 2700 2700 7000
toilet_c_10_01.3 3 0.00 0.02 0.0 2700 2700 7000
toilet_c_10_01.4 3 0.00 0.03 0.0 2700 2700 7000
toilet_c_10_01.5 3 0.00 0.02 0.0 2700 2700 7000
toilet_c_10_01.6 3 0.00 0.04 0.0 2700 2700 7000
toilet_c_10_01.7 3 0.00 0.03 0.0 2700 2700 7000
toilet_c_10_01.8 3 0.00 0.05 0.0 2700 2700 7000
toilet_c_10_01.9 3 0.00 0.04 0.0 2700 2700 7000
toilet_c_10_05.10 1 2700.01 2700.10 798.0 2700 2700 7000
toilet_c_10_05.11 1 2699.98 2700.10 739.0 2700 2700 7000
toilet_c_10_05.12 1 2699.99 2700.10 316.0 2700 2700 7000
toilet_c_10_05.2 3 0.00 0.01 0.0 2700 2700 7000
toilet_c_10_05.3 3 0.00 0.08 0.0 2700 2700 7000
toilet_c_10_05.4 3 0.00 0.07 0.0 2700 2700 7000
toilet_c_10_05.5 3 0.11 0.21 6.0 2700 2700 7000
toilet_c_10_05.6 3 299.90 299.92 278.0 2700 2700 7000
toilet_c_10_05.7 1 2700.02 2700.10 419.0 2700 2700 7000
toilet_c_10_05.8 1 2700.01 2700.11 456.0 2700 2700 7000
toilet_c_10_05.9 1 2699.99 2700.10 412.0 2700 2700 7000
ttt_5x5-shape-1-GTTT-2-2-torus-0 1 2700.00 2700.10 639.0 2700 2700 7000
