 result time real space tlim rlim slim
2qbf-5cnf-100var-400cl.1 3 0.00 0.01 0.0 2700 2700 7000
2qbf-5cnf-150var-300cl.1 3 0.00 0.05 0.0 2700 2700 7000
2qbf-5cnf-150var-300cl.2 3 0.00 0.01 0.0 2700 2700 7000
2qbf-5cnf-150var-600cl.1 3 0.00 0.01 0.0 2700 2700 7000
2qbf-5cnf-150var-600cl.2 3 0.00 0.01 0.0 2700 2700 7000
2qbf-5cnf-50var-300cl.2 3 0.00 0.01 0.0 2700 2700 7000
3qbf-5cnf-100var-1200cl.1 3 0.00 0.01 0.0 2700 2700 7000
3qbf-5cnf-100var-1200cl.2 3 0.00 0.01 0.0 2700 2700 7000
3qbf-5cnf-100var-400cl.1 3 0.00 0.01 0.0 2700 2700 7000
3qbf-5cnf-100var-400cl.2 3 0.00 0.01 0.0 2700 2700 7000
3qbf-5cnf-150var-1200cl.1 3 0.00 0.02 0.0 2700 2700 7000
3qbf-5cnf-150var-1200cl.2 3 0.00 0.02 0.0 2700 2700 7000
3qbf-5cnf-150var-1500cl.1 3 0.00 0.01 0.0 2700 2700 7000
3qbf-5cnf-150var-1500cl.2 3 0.00 0.01 0.0 2700 2700 7000
4qbf-5cnf-100var-1000cl.2 3 0.00 0.03 0.0 2700 2700 7000
4qbf-5cnf-100var-1600cl.2 3 0.00 0.02 0.0 2700 2700 7000
4qbf-5cnf-100var-600cl.1 1 2699.99 2700.13 74.0 2700 2700 7000
4qbf-5cnf-100var-600cl.2 1 2699.99 2700.14 67.0 2700 2700 7000
4qbf-5cnf-100var-800cl.2 3 0.00 0.02 0.0 2700 2700 7000
4qbf-5cnf-150var-1500cl.1 3 0.00 0.02 0.0 2700 2700 7000
4qbf-5cnf-150var-1500cl.2 3 0.00 0.02 0.0 2700 2700 7000
4qbf-5cnf-150var-1800cl.2 3 0.00 0.05 0.0 2700 2700 7000
4qbf-5cnf-150var-600cl.1 3 0.00 0.01 0.0 2700 2700 7000
4qbf-5cnf-150var-600cl.2 3 0.00 0.01 0.0 2700 2700 7000
4qbf-5cnf-150var-900cl.2 3 0.00 0.02 0.0 2700 2700 7000
4qbf-5cnf-50var-200cl.1 3 0.00 0.01 0.0 2700 2700 7000
4qbf-5cnf-50var-200cl.2 3 0.00 0.01 0.0 2700 2700 7000
4qbf-5cnf-50var-300cl.1 1 2699.99 2700.12 73.0 2700 2700 7000
4qbf-5cnf-50var-500cl.1 3 0.00 0.01 0.0 2700 2700 7000
4qbf-5cnf-50var-500cl.2 3 0.00 0.02 0.0 2700 2700 7000
4qbf-5cnf-50var-700cl.1 3 0.00 0.04 0.0 2700 2700 7000
4qbf-5cnf-50var-900cl.2 3 0.00 0.04 0.0 2700 2700 7000
5qbf-5cnf-100var-1000cl.2 1 2699.96 2700.13 124.0 2700 2700 7000
5qbf-5cnf-100var-1400cl.1 3 0.00 0.01 0.0 2700 2700 7000
5qbf-5cnf-100var-1400cl.2 3 0.00 0.01 0.0 2700 2700 7000
5qbf-5cnf-100var-800cl.1 3 0.00 0.02 0.0 2700 2700 7000
5qbf-5cnf-100var-800cl.2 3 0.00 0.02 0.0 2700 2700 7000
5qbf-5cnf-150var-1800cl.1 3 0.00 0.02 0.0 2700 2700 7000
5qbf-5cnf-150var-1800cl.2 3 0.00 0.03 0.0 2700 2700 7000
5qbf-5cnf-150var-2100cl.1 3 0.00 0.02 0.0 2700 2700 7000
5qbf-5cnf-150var-2100cl.2 3 0.00 0.05 0.0 2700 2700 7000
5qbf-5cnf-150var-600cl.1 3 0.00 0.08 0.0 2700 2700 7000
5qbf-5cnf-150var-600cl.2 3 0.00 0.07 0.0 2700 2700 7000
5qbf-5cnf-50var-300cl.1 3 0.00 0.10 0.0 2700 2700 7000
5qbf-5cnf-50var-300cl.2 3 0.00 0.10 0.0 2700 2700 7000
5qbf-5cnf-50var-800cl.2 3 0.00 0.07 0.0 2700 2700 7000
BLOCKS3i.4.4 3 3.30 3.34 10.0 2700 2700 7000
BLOCKS3i.5.3 3 47.10 47.18 15.0 2700 2700 7000
BLOCKS3i.5.4 3 11.70 11.79 14.0 2700 2700 7000
BLOCKS3ii.4.3 3 0.00 0.06 0.0 2700 2700 7000
BLOCKS3ii.5.2 3 0.33 0.38 9.0 2700 2700 7000
BLOCKS3ii.5.3 3 0.21 0.31 10.0 2700 2700 7000
BLOCKS3iii.4 3 0.00 0.05 0.0 2700 2700 7000
BLOCKS3iii.5 3 0.13 0.18 7.0 2700 2700 7000
BLOCKS4i.6.4 1 2699.99 2700.15 77.0 2700 2700 7000
BLOCKS4ii.6.3 3 727.68 727.80 66.0 2700 2700 7000
BLOCKS4ii.7.2 3 138.37 138.44 71.0 2700 2700 7000
BLOCKS4iii.6 3 20.60 20.64 42.0 2700 2700 7000
BLOCKS4iii.7 3 807.19 807.44 94.0 2700 2700 7000
C432.blif_0.10_0.20_0_0_inp_exact 3 81.31 81.34 17.0 2700 2700 7000
C432.blif_0.10_0.20_0_1_inp_exact 3 0.03 1.25 4.0 2700 2700 7000
C499.blif_0.10_0.20_0_1_inp_exact 3 1.11 1.40 11.0 2700 2700 7000
C6288.blif_0.10_0.20_0_0_inp_exact 1 2700.02 2700.11 66.0 2700 2700 7000
C6288.blif_0.10_0.20_0_1_inp_exact 1 2700.02 2700.14 66.0 2700 2700 7000
C880.blif_0.10_0.20_0_0_inp_exact 1 2699.98 2700.14 56.0 2700 2700 7000
C880.blif_0.10_0.20_0_1_inp_exact 1 2700.02 2700.11 54.0 2700 2700 7000
Core1108_tbm_21.tex.module.000030 3 40.14 40.25 21.0 2700 2700 7000
TOILET10.1.iv.20 3 0.10 0.15 7.0 2700 2700 7000
TOILET16.1.iv.32 3 11.20 11.29 50.0 2700 2700 7000
TOILET2.1.iv.3 3 0.00 0.01 0.0 2700 2700 7000
TOILET6.1.iv.11 3 1.79 1.82 8.0 2700 2700 7000
TOILET6.1.iv.12 3 0.00 0.04 0.0 2700 2700 7000
TOILET7.1.iv.13 3 13.20 13.25 15.0 2700 2700 7000
TOILET7.1.iv.14 3 0.00 0.08 0.0 2700 2700 7000
W4-Umbrella_tbm_21.tex.moduleQ3.6S.000001 3 71.30 71.33 40.0 2700 2700 7000
W5-Umbrella_tbm_26.tex.moduleQ3.7S.000003 3 80.40 80.48 41.0 2700 2700 7000
arbiter-06-comp-error01-qbf-hardness-depth-15 3 314.38 314.47 64.0 2700 2700 7000
arbiter-09-comp-error01-qbf-hardness-depth-15 3 666.05 666.19 88.0 2700 2700 7000
b21_PR_8_20 3 0.29 0.36 39.0 2700 2700 7000
b21_PR_9_90 3 0.20 0.28 39.0 2700 2700 7000
b22_PR_9_90 3 17.10 17.21 121.0 2700 2700 7000
bobsm5378d2 1 2700.02 2700.14 63.0 2700 2700 7000
bobsm9234 1 2700.01 2700.12 36.0 2700 2700 7000
bobsmhdlc 1 2699.91 2700.15 76.0 2700 2700 7000
bobsmhdlc1 1 2700.02 2700.12 56.0 2700 2700 7000
bobsmhdlc2 1 2700.03 2700.11 33.0 2700 2700 7000
bobsmhdlc3 1 2700.00 2700.13 59.0 2700 2700 7000
bobtuint31neg 3 0.01 0.12 0.0 2700 2700 7000
c1_Debug_s3_f2_e1_v1 2 1930.79 1931.73 7001.0 2700 2700 7000
c2_Debug_s3_f1_e1_v2 1 2699.47 2700.13 2120.0 2700 2700 7000
ceiling128 1 2700.02 2700.15 86.0 2700 2700 7000
ceiling256 1 2700.02 2700.13 125.0 2700 2700 7000
ceiling32 3 0.00 0.01 0.0 2700 2700 7000
comp.blif_0.10_0.20_0_0_inp_exact 3 0.00 0.03 0.0 2700 2700 7000
comp.blif_0.10_0.20_0_1_inp_exact 3 0.00 0.07 0.0 2700 2700 7000
decomposition128 3 0.01 0.23 5.0 2700 2700 7000
decomposition256 3 0.01 0.96 10.0 2700 2700 7000
decomposition32 3 0.00 0.21 3.0 2700 2700 7000
depots02_7 3 16.80 16.90 57.0 2700 2700 7000
depots04_7 1 2699.94 2700.13 355.0 2700 2700 7000
depots04_8 1 2699.38 2700.13 390.0 2700 2700 7000
depots07_7 3 583.28 583.44 221.0 2700 2700 7000
depots08_6 1 2699.92 2700.13 871.0 2700 2700 7000
depots08_7 1 2699.36 2700.11 871.0 2700 2700 7000
depots10_7 1 2699.48 2700.12 664.0 2700 2700 7000
depots16_7 1 2699.98 2700.13 543.0 2700 2700 7000
driverlog01_5 3 0.06 0.40 10.0 2700 2700 7000
driverlog01_6 3 0.08 0.31 8.0 2700 2700 7000
driverlog01_7 3 0.20 0.30 17.0 2700 2700 7000
driverlog03_6 3 2.19 2.24 18.0 2700 2700 7000
driverlog03_7 3 1.18 1.25 19.0 2700 2700 7000
driverlog03_8 3 23.36 23.42 34.0 2700 2700 7000
driverlog04_7 3 309.99 310.02 48.0 2700 2700 7000
driverlog04_8 3 2355.57 2355.67 121.0 2700 2700 7000
driverlog05_7 3 134.98 135.07 45.0 2700 2700 7000
driverlog05_8 3 2325.67 2325.72 98.0 2700 2700 7000
driverlog06_4 3 3.98 4.08 39.0 2700 2700 7000
driverlog07_7 3 27.56 27.65 53.0 2700 2700 7000
driverlog08_7 3 96.55 96.74 54.0 2700 2700 7000
driverlog09_8 1 2699.37 2700.12 148.0 2700 2700 7000
driverlog10_5 3 296.77 296.86 89.0 2700 2700 7000
driverlog10_7 1 2699.87 2700.14 250.0 2700 2700 7000
driverlog11_7 3 322.18 322.27 104.0 2700 2700 7000
driverlog11_8 1 2699.97 2700.12 165.0 2700 2700 7000
driverlog11_9 1 2699.99 2700.13 168.0 2700 2700 7000
driverlog12_7 3 202.06 202.41 296.0 2700 2700 7000
driverlog13_7 3 2402.96 2403.02 327.0 2700 2700 7000
dungeon_i25-m12-u3-v0.pddl_planlen=130 1 2700.00 2700.13 944.0 2700 2700 7000
dungeon_i25-m12-u3-v0.pddl_planlen=146 1 2699.96 2700.12 1015.0 2700 2700 7000
dungeon_i25-m12-u3-v0.pddl_planlen=165 1 2699.86 2700.11 1241.0 2700 2700 7000
dungeon_i25-m12-u3-v0.pddl_planlen=190 1 2699.93 2700.11 1378.0 2700 2700 7000
dungeon_i25-m12-u3-v0.pddl_planlen=72 1 2699.83 2700.11 781.0 2700 2700 7000
dungeon_i25-m12-u5-v0.pddl_planlen=143 3 2016.25 2016.63 885.0 2700 2700 7000
dungeon_i25-m12-u5-v0.pddl_planlen=198 1 2699.91 2700.13 1346.0 2700 2700 7000
dungeon_i25-m12-u5-v0.pddl_planlen=200 1 2699.73 2700.11 1251.0 2700 2700 7000
dungeon_i25-m12-u5-v0.pddl_planlen=65 3 183.34 183.57 518.0 2700 2700 7000
dungeon_i25-m12-u5-v0.pddl_planlen=81 3 79.54 79.65 341.0 2700 2700 7000
dungeon_i25-m12-u5-v0.pddl_planlen=86 3 181.08 181.28 440.0 2700 2700 7000
dungeon_i25-m12-u5-v0.pddl_planlen=98 3 140.94 141.17 443.0 2700 2700 7000
eijkbs1512 1 2699.54 2700.15 52.0 2700 2700 7000
eijkbs3330 1 2699.84 2700.11 47.0 2700 2700 7000
eijkbs4863 1 2696.07 2700.12 80.0 2700 2700 7000
equalization32 3 0.00 0.06 0.0 2700 2700 7000
flipflop-3-c 3 0.00 0.03 0.0 2700 2700 7000
flipflop-4-c 3 0.00 0.05 0.0 2700 2700 7000
flipflop-5-c 3 0.03 0.19 9.0 2700 2700 7000
floor128 3 0.00 0.06 0.0 2700 2700 7000
floor256 3 0.01 0.12 0.0 2700 2700 7000
floor32 3 0.00 0.05 0.0 2700 2700 7000
hex_rand_6x6-20m-0 3 1540.78 1540.89 80.0 2700 2700 7000
hex_rand_6x6-20m-1 3 2522.53 2522.60 87.0 2700 2700 7000
hex_rand_6x6-20m-3 1 2699.99 2700.12 96.0 2700 2700 7000
hex_rand_6x6-20m-6 3 1763.88 1764.02 81.0 2700 2700 7000
hex_rand_6x6-20m-7 3 243.41 243.54 37.0 2700 2700 7000
hex_rand_6x6-20m-8 3 321.07 321.19 44.0 2700 2700 7000
intermediate128 1 2700.00 2700.15 94.0 2700 2700 7000
intermediate32 1 2699.97 2700.15 65.0 2700 2700 7000
kenflashp01 3 0.00 0.06 0.0 2700 2700 7000
kenflashp02 3 0.00 0.03 0.0 2700 2700 7000
kenflashp04 3 0.00 0.03 0.0 2700 2700 7000
kenflashp12 3 0.00 0.04 0.0 2700 2700 7000
kenoopp1 3 0.00 0.03 0.0 2700 2700 7000
lights3_021_1_022 3 53.97 54.09 47.0 2700 2700 7000
lights3_021_1_033 3 91.85 91.96 61.0 2700 2700 7000
lights3_035_1_021 3 0.07 0.17 0.0 2700 2700 7000
lights3_035_1_032 3 523.86 523.96 185.0 2700 2700 7000
lights3_035_1_059 1 2699.99 2700.13 378.0 2700 2700 7000
lognBWLARGEA1 3 12.47 12.52 197.0 2700 2700 7000
lognBWLARGEB1 3 40.89 40.96 557.0 2700 2700 7000
nreachq_nxquery_1344 3 320.34 320.44 49.0 2700 2700 7000
nreachq_query02_1344 1 2699.94 2700.12 161.0 2700 2700 7000
nreachq_query05_1344 1 2699.97 2700.13 151.0 2700 2700 7000
nreachq_query26_1344 1 2699.94 2700.12 118.0 2700 2700 7000
nreachq_query52_1344 1 2696.90 2700.14 132.0 2700 2700 7000
pdtpmsgigamax 1 2699.99 2700.12 65.0 2700 2700 7000
pdtpmsmiim 1 2699.93 2700.13 58.0 2700 2700 7000
pdtpmsrotate32 1 2699.97 2700.12 45.0 2700 2700 7000
query10_axquery_1344 3 12.57 12.65 36.0 2700 2700 7000
query10_query05_1344 1 2699.97 2700.11 122.0 2700 2700 7000
query10_query07_1344 3 433.41 433.47 76.0 2700 2700 7000
query10_query36_1344 1 2699.97 2700.12 164.0 2700 2700 7000
query10_reachqu_1344 3 13.49 13.61 67.0 2700 2700 7000
reachqu_exquery_1344 3 332.50 332.52 49.0 2700 2700 7000
reachqu_nxquery_1344 3 30.08 30.21 34.0 2700 2700 7000
reachqu_query01_1344 1 2699.98 2700.12 116.0 2700 2700 7000
reachqu_query07_1344 3 405.27 405.36 72.0 2700 2700 7000
s00420_PR_1_20 3 0.00 0.07 0.0 2700 2700 7000
s01488_PR_1_10 3 0.00 0.04 0.0 2700 2700 7000
s1196_1_5 1 2700.02 2700.13 87.0 2700 2700 7000
s13207_1_107 3 2.90 2.94 18.0 2700 2700 7000
s3330_1_70 3 0.32 0.38 9.0 2700 2700 7000
s38417_PR_4_50 3 0.10 0.17 14.0 2700 2700 7000
s38584_3_238 3 144.99 145.07 69.0 2700 2700 7000
s38584_PR_8_50 3 0.31 0.38 50.0 2700 2700 7000
s5378_1_0 3 0.56 0.63 22.0 2700 2700 7000
sortnetsort10.v.stepl.004 1 2700.03 2700.13 124.0 2700 2700 7000
sortnetsort10.v.stepl.005 1 2700.02 2700.13 165.0 2700 2700 7000
sortnetsort10.v.stepl.006 1 2700.03 2700.13 198.0 2700 2700 7000
sortnetsort10.v.stepl.007 1 2700.03 2700.12 239.0 2700 2700 7000
sortnetsort10.v.stepl.008 1 2700.03 2700.12 269.0 2700 2700 7000
sortnetsort10.v.stepl.009 1 2700.03 2700.12 277.0 2700 2700 7000
sortnetsort10.v.stepl.010 3 1134.99 1135.08 193.0 2700 2700 7000
sortnetsort10.v.stepl.011 3 1223.41 1225.17 201.0 2700 2700 7000
sortnetsort10.v.stepl.012 3 845.91 846.04 181.0 2700 2700 7000
sortnetsort5.v.stepl.003 3 0.00 0.06 0.0 2700 2700 7000
sortnetsort5.v.stepl.004 3 0.61 0.66 5.0 2700 2700 7000
sortnetsort5.v.stepl.005 3 0.11 0.15 4.0 2700 2700 7000
sortnetsort5.v.stepl.006 3 0.11 0.15 4.0 2700 2700 7000
sortnetsort5.v.stepl.007 3 0.00 0.07 0.0 2700 2700 7000
sortnetsort6.v.stepl.003 3 0.14 0.27 4.0 2700 2700 7000
sortnetsort6.v.stepl.004 3 5.60 5.62 9.0 2700 2700 7000
sortnetsort6.v.stepl.005 3 2.20 2.30 9.0 2700 2700 7000
sortnetsort6.v.stepl.006 3 0.31 0.36 5.0 2700 2700 7000
sortnetsort6.v.stepl.007 3 0.30 0.36 6.0 2700 2700 7000
sortnetsort7.v.stepl.003 3 2.60 2.68 8.0 2700 2700 7000
sortnetsort7.v.stepl.004 3 74.70 74.77 24.0 2700 2700 7000
sortnetsort7.v.stepl.005 1 2699.99 2700.12 106.0 2700 2700 7000
sortnetsort7.v.stepl.006 3 8.06 8.20 14.0 2700 2700 7000
sortnetsort7.v.stepl.007 3 3.27 3.36 13.0 2700 2700 7000
sortnetsort7.v.stepl.008 3 5.77 5.90 16.0 2700 2700 7000
sortnetsort7.v.stepl.009 3 0.99 1.02 10.0 2700 2700 7000
sortnetsort8.v.stepl.003 3 20.68 20.74 16.0 2700 2700 7000
sortnetsort8.v.stepl.004 3 1596.40 1596.42 70.0 2700 2700 7000
sortnetsort8.v.stepl.005 1 2699.99 2700.15 108.0 2700 2700 7000
sortnetsort8.v.stepl.006 3 128.40 128.50 47.0 2700 2700 7000
sortnetsort8.v.stepl.007 3 92.60 92.68 47.0 2700 2700 7000
sortnetsort8.v.stepl.008 3 18.54 18.67 28.0 2700 2700 7000
sortnetsort8.v.stepl.009 3 10.60 10.64 23.0 2700 2700 7000
sortnetsort9.v.stepl.004 1 2699.35 2700.12 96.0 2700 2700 7000
sortnetsort9.v.stepl.005 1 2699.99 2700.12 130.0 2700 2700 7000
sortnetsort9.v.stepl.006 1 2699.99 2700.12 188.0 2700 2700 7000
sortnetsort9.v.stepl.007 1 2699.99 2700.14 212.0 2700 2700 7000
sortnetsort9.v.stepl.008 3 2162.40 2162.47 210.0 2700 2700 7000
sortnetsort9.v.stepl.009 3 598.99 599.03 145.0 2700 2700 7000
sortnetsort9.v.stepl.010 3 175.08 175.30 82.0 2700 2700 7000
sortnetsort9.v.stepl.011 3 35.85 36.00 49.0 2700 2700 7000
sortnetsort9.v.stepl.012 3 42.79 42.87 48.0 2700 2700 7000
stmt21_310_360 3 21.29 21.37 40.0 2700 2700 7000
stmt39_285_335 1 2699.93 2700.15 61.0 2700 2700 7000
szymanski-4-s 3 0.00 0.10 0.0 2700 2700 7000
term1.blif_0.10_0.20_0_0_inp_exact 3 10.69 10.77 19.0 2700 2700 7000
texas.ifetch1^1.E-d3 3 0.00 0.16 0.0 2700 2700 7000
texas.ifetch1^9.E-d3 3 0.00 0.02 0.0 2700 2700 7000
ttt_5x5-shape-0-GTTT-1-1-torus-0 3 0.60 0.70 20.0 2700 2700 7000
ttt_5x5-shape-0-GTTT-1-2-torus-1 3 0.00 0.07 0.0 2700 2700 7000
ttt_5x5-shape-0-GTTT-2-1-torus-0 1 2700.01 2700.15 131.0 2700 2700 7000
ttt_5x5-shape-0-GTTT-2-1-torus-1 1 2700.01 2700.13 127.0 2700 2700 7000
ttt_5x5-shape-0-GTTT-2-2-torus-0 3 0.00 0.09 0.0 2700 2700 7000
ttt_5x5-shape-0-GTTT-2-2-torus-1 3 0.00 0.07 0.0 2700 2700 7000
ttt_5x5-shape-1-GTTT-1-1-torus-0 3 10.20 10.30 26.0 2700 2700 7000
ttt_5x5-shape-1-GTTT-1-1-torus-1 3 13.51 13.55 28.0 2700 2700 7000
ttt_5x5-shape-1-GTTT-1-2-torus-0 1 2699.99 2700.13 188.0 2700 2700 7000
ttt_5x5-shape-1-GTTT-1-2-torus-1 1 2699.98 2700.13 184.0 2700 2700 7000
ttt_5x5-shape-1-GTTT-2-1-torus-0 3 15.57 15.68 24.0 2700 2700 7000
ttt_5x5-shape-1-GTTT-2-1-torus-1 3 16.20 16.25 25.0 2700 2700 7000
