 result time real space tlim rlim slim
2qbf-5cnf-100var-400cl.1 3 0.01 0.12 7.0 2700 2700 7000
2qbf-5cnf-150var-300cl.1 3 0.00 0.04 0.0 2700 2700 7000
2qbf-5cnf-150var-300cl.2 3 0.00 0.05 0.0 2700 2700 7000
2qbf-5cnf-150var-600cl.1 3 0.00 0.06 0.0 2700 2700 7000
2qbf-5cnf-150var-600cl.2 3 0.00 0.15 7.0 2700 2700 7000
2qbf-5cnf-50var-300cl.2 3 0.00 0.07 0.0 2700 2700 7000
3qbf-5cnf-100var-1200cl.1 3 0.00 0.01 0.0 2700 2700 7000
3qbf-5cnf-100var-1200cl.2 3 0.00 0.01 0.0 2700 2700 7000
3qbf-5cnf-100var-400cl.1 3 0.00 0.03 0.0 2700 2700 7000
3qbf-5cnf-100var-400cl.2 3 0.00 0.02 0.0 2700 2700 7000
3qbf-5cnf-150var-1200cl.1 3 0.00 0.01 0.0 2700 2700 7000
3qbf-5cnf-150var-1200cl.2 3 0.00 0.02 0.0 2700 2700 7000
3qbf-5cnf-150var-1500cl.1 3 0.00 0.02 0.0 2700 2700 7000
3qbf-5cnf-150var-1500cl.2 3 0.00 0.02 0.0 2700 2700 7000
4qbf-5cnf-100var-1000cl.2 3 338.20 338.28 496.0 2700 2700 7000
4qbf-5cnf-100var-1600cl.2 3 0.00 0.09 0.0 2700 2700 7000
4qbf-5cnf-100var-600cl.1 3 1040.87 1041.00 253.0 2700 2700 7000
4qbf-5cnf-100var-600cl.2 3 54.48 54.69 110.0 2700 2700 7000
4qbf-5cnf-100var-800cl.2 1 2699.40 2700.10 454.0 2700 2700 7000
4qbf-5cnf-150var-1500cl.1 3 0.14 0.50 12.0 2700 2700 7000
4qbf-5cnf-150var-1500cl.2 3 0.26 0.40 13.0 2700 2700 7000
4qbf-5cnf-150var-1800cl.2 3 10.50 10.71 100.0 2700 2700 7000
4qbf-5cnf-150var-600cl.1 3 0.52 0.63 17.0 2700 2700 7000
4qbf-5cnf-150var-600cl.2 3 0.64 0.96 20.0 2700 2700 7000
4qbf-5cnf-150var-900cl.2 3 72.71 72.89 299.0 2700 2700 7000
4qbf-5cnf-50var-200cl.1 3 0.02 0.15 8.0 2700 2700 7000
4qbf-5cnf-50var-200cl.2 3 0.02 0.15 8.0 2700 2700 7000
4qbf-5cnf-50var-300cl.1 3 0.06 0.26 7.0 2700 2700 7000
4qbf-5cnf-50var-500cl.1 3 0.05 0.14 8.0 2700 2700 7000
4qbf-5cnf-50var-500cl.2 3 0.01 0.14 7.0 2700 2700 7000
4qbf-5cnf-50var-700cl.1 3 0.00 0.26 5.0 2700 2700 7000
4qbf-5cnf-50var-900cl.2 3 0.00 0.24 5.0 2700 2700 7000
5qbf-5cnf-100var-1000cl.2 3 186.50 186.52 214.0 2700 2700 7000
5qbf-5cnf-100var-1400cl.1 3 0.00 0.02 0.0 2700 2700 7000
5qbf-5cnf-100var-1400cl.2 3 0.00 0.04 0.0 2700 2700 7000
5qbf-5cnf-100var-800cl.1 3 0.08 0.15 10.0 2700 2700 7000
5qbf-5cnf-100var-800cl.2 3 0.09 0.22 5.0 2700 2700 7000
5qbf-5cnf-150var-1800cl.1 3 0.00 0.03 0.0 2700 2700 7000
5qbf-5cnf-150var-1800cl.2 3 0.00 0.03 0.0 2700 2700 7000
5qbf-5cnf-150var-2100cl.1 3 0.00 0.06 0.0 2700 2700 7000
5qbf-5cnf-150var-2100cl.2 3 0.01 0.12 0.0 2700 2700 7000
5qbf-5cnf-150var-600cl.1 3 0.10 0.18 20.0 2700 2700 7000
5qbf-5cnf-150var-600cl.2 3 0.21 0.26 19.0 2700 2700 7000
5qbf-5cnf-50var-300cl.1 3 0.00 0.03 0.0 2700 2700 7000
5qbf-5cnf-50var-300cl.2 3 0.00 0.04 0.0 2700 2700 7000
5qbf-5cnf-50var-800cl.2 3 0.00 0.01 0.0 2700 2700 7000
ActivityService 1 2699.73 2700.10 729.0 2700 2700 7000
ActivityService2 1 2699.74 2700.10 715.0 2700 2700 7000
GuidanceService 1 2699.15 2700.10 927.0 2700 2700 7000
GuidanceService2 1 2699.80 2700.10 927.0 2700 2700 7000
PhaseService 1 2699.96 2700.10 863.0 2700 2700 7000
arbiter-08-comp-error02-qbf-hardness-depth-9 3 152.40 152.44 127.0 2700 2700 7000
b20_C_3_2 2 1101.16 1101.91 7067.0 2700 2700 7000
b21_C_3_206 3 938.02 938.25 5906.0 2700 2700 7000
bobsm5378d2 3 2689.32 2689.69 5459.0 2700 2700 7000
bobsm9234 1 2699.61 2700.19 5131.0 2700 2700 7000
bobsmhdlc 1 2699.72 2700.24 3731.0 2700 2700 7000
bobsmhdlc1 1 2699.94 2700.21 3278.0 2700 2700 7000
bobsmhdlc2 1 2699.79 2700.31 3789.0 2700 2700 7000
bobsmhdlc3 1 2695.06 2700.20 3699.0 2700 2700 7000
bobtuint31neg 1 2699.74 2700.30 3299.0 2700 2700 7000
c1_Debug_s3_f2_e1_v2 3 379.92 381.16 2017.0 2700 2700 7000
ceiling128 3 2528.37 2528.59 4302.0 2700 2700 7000
ceiling256 3 1724.88 1725.10 4215.0 2700 2700 7000
ceiling32 1 2699.86 2700.10 1231.0 2700 2700 7000
decomposition128 1 2699.05 2700.11 1108.0 2700 2700 7000
decomposition32 1 2699.61 2700.11 270.0 2700 2700 7000
dungeon_i15-m7-u4-v0.pddl_planlen=168 3 409.46 409.96 3663.0 2700 2700 7000
dungeon_i15-m7-u4-v0.pddl_planlen=81 3 176.72 176.84 1918.0 2700 2700 7000
eijkbs1512 1 2699.96 2700.13 2008.0 2700 2700 7000
eijkbs3330 1 2699.77 2700.21 3418.0 2700 2700 7000
eijkbs4863 1 2699.96 2700.16 2328.0 2700 2700 7000
equalization32 1 2699.04 2700.10 641.0 2700 2700 7000
filesys_smbmrx_midatlas.c 1 2699.95 2700.13 2109.0 2700 2700 7000
floor128 3 2037.49 2037.77 5010.0 2700 2700 7000
floor256 3 1529.66 1530.29 4212.0 2700 2700 7000
floor32 1 2699.52 2700.10 1181.0 2700 2700 7000
hex_hein_4x4_06 3 248.78 248.92 258.0 2700 2700 7000
hex_hein_4x4_07 3 822.90 823.80 634.0 2700 2700 7000
hex_hein_4x4_12 3 11.25 11.78 30.0 2700 2700 7000
hex_rand_6x6-20m-4 3 373.44 374.01 397.0 2700 2700 7000
intermediate128 1 2699.51 2700.12 2208.0 2700 2700 7000
intermediate32 1 2699.89 2700.10 702.0 2700 2700 7000
kenflashp01 1 2699.70 2700.12 1255.0 2700 2700 7000
kenflashp02 1 2699.58 2700.11 1437.0 2700 2700 7000
kenflashp04 1 2699.93 2700.10 1478.0 2700 2700 7000
kenflashp12 1 2699.95 2700.10 1033.0 2700 2700 7000
kenoopp1 1 2699.92 2700.11 1146.0 2700 2700 7000
kmdf_pcidrv_sys_hw_physet.c 1 2699.95 2700.10 2464.0 2700 2700 7000
lights3_021_1_022 3 0.00 0.07 0.0 2700 2700 7000
lights3_021_1_033 3 0.04 0.12 0.0 2700 2700 7000
lights3_035_1_021 3 0.04 0.14 14.0 2700 2700 7000
lights3_035_1_032 3 0.00 0.10 0.0 2700 2700 7000
lights3_035_1_059 3 0.10 0.16 14.0 2700 2700 7000
network_ndis_rtlnwifi_hw_hw_ccmp.c 1 2699.95 2700.11 1924.0 2700 2700 7000
pdtpmsgigamax 1 2699.99 2700.10 2101.0 2700 2700 7000
pdtpmsmiim 1 2698.11 2700.18 2966.0 2700 2700 7000
pdtpmsrotate32 1 2699.23 2700.11 1574.0 2700 2700 7000
s05378_PR_4_90 3 0.07 0.19 13.0 2700 2700 7000
s1196_1_5 3 59.18 59.26 370.0 2700 2700 7000
s13207_1_107 3 9.09 9.16 74.0 2700 2700 7000
s3330_1_70 3 0.91 1.01 15.0 2700 2700 7000
s38584_3_238 3 1036.07 1036.17 6435.0 2700 2700 7000
s5378_1_0 3 247.59 247.70 905.0 2700 2700 7000
sortnetsort9.v.stepl.005 3 74.90 74.96 61.0 2700 2700 7000
stmt11_643_645 1 2699.69 2700.14 559.0 2700 2700 7000
stmt124_966_965 1 2699.89 2700.15 624.0 2700 2700 7000
stmt137_542_543 1 2699.89 2700.12 790.0 2700 2700 7000
stmt137_903_911 1 2699.93 2700.12 731.0 2700 2700 7000
stmt16_0_1 3 31.30 31.38 54.0 2700 2700 7000
stmt16_285_286 1 2699.95 2700.11 720.0 2700 2700 7000
stmt16_47_48 1 2699.92 2700.18 2147.0 2700 2700 7000
stmt16_588_589 1 2699.97 2700.11 1037.0 2700 2700 7000
stmt16_68_69 1 2699.97 2700.13 2237.0 2700 2700 7000
stmt16_76_77 1 2699.96 2700.15 2104.0 2700 2700 7000
stmt16_818_819 1 2699.94 2700.12 659.0 2700 2700 7000
stmt16_950_951 1 2699.25 2700.13 1119.0 2700 2700 7000
stmt17_143_144 1 2699.21 2700.12 562.0 2700 2700 7000
stmt17_18_19 3 1158.32 1158.73 272.0 2700 2700 7000
stmt17_99_98 1 2699.72 2700.15 2146.0 2700 2700 7000
stmt18_258_260 1 2699.93 2700.11 604.0 2700 2700 7000
stmt19_83_412 1 2699.75 2700.11 1522.0 2700 2700 7000
stmt1_145_146 3 0.00 0.02 0.0 2700 2700 7000
stmt1_20_21 3 0.00 0.30 5.0 2700 2700 7000
stmt1_30_31 3 0.00 0.09 0.0 2700 2700 7000
stmt1_392_393 1 2699.96 2700.12 430.0 2700 2700 7000
stmt1_60_61 1 2699.97 2700.12 2018.0 2700 2700 7000
stmt1_629_630 1 2699.96 2700.12 1247.0 2700 2700 7000
stmt1_787_788 1 2699.60 2700.14 685.0 2700 2700 7000
stmt1_79_80 1 2699.21 2700.14 1927.0 2700 2700 7000
stmt1_811_812 3 23.38 23.48 31.0 2700 2700 7000
stmt1_919_920 1 2699.90 2700.11 625.0 2700 2700 7000
stmt1_953_954 1 2699.73 2700.15 735.0 2700 2700 7000
stmt21_181_369 1 2699.91 2700.11 1341.0 2700 2700 7000
stmt21_326_327 1 2699.93 2700.11 573.0 2700 2700 7000
stmt24_148_149 3 0.00 0.06 0.0 2700 2700 7000
stmt24_292_293 1 2699.89 2700.10 503.0 2700 2700 7000
stmt24_765_766 1 2699.91 2700.10 737.0 2700 2700 7000
stmt24_7_8 3 0.00 0.08 0.0 2700 2700 7000
stmt25_52_53 1 2699.61 2700.12 1987.0 2700 2700 7000
stmt25_597_598 1 2699.81 2700.12 819.0 2700 2700 7000
stmt27_296_297 1 2699.94 2700.11 507.0 2700 2700 7000
stmt27_584_603 1 2699.96 2700.10 827.0 2700 2700 7000
stmt27_93_98 1 2699.76 2700.18 2000.0 2700 2700 7000
stmt27_946_955 1 2699.95 2700.10 805.0 2700 2700 7000
stmt29_226_376 1 2699.94 2700.13 1350.0 2700 2700 7000
stmt2_480_551 1 2699.83 2700.12 811.0 2700 2700 7000
stmt2_649_647 1 2699.95 2700.11 642.0 2700 2700 7000
stmt2_649_723 1 2699.96 2700.11 739.0 2700 2700 7000
stmt2_649_776 1 2699.92 2700.11 1025.0 2700 2700 7000
stmt2_976_999 1 2699.93 2700.19 2511.0 2700 2700 7000
stmt32_122_129 3 0.00 0.26 5.0 2700 2700 7000
stmt32_570_572 1 2699.94 2700.12 747.0 2700 2700 7000
stmt37_941_942 1 2699.91 2700.13 1083.0 2700 2700 7000
stmt38_943_942 1 2699.96 2700.13 1090.0 2700 2700 7000
stmt3_639_640 1 2699.71 2700.12 415.0 2700 2700 7000
stmt3_969_973 1 2699.97 2700.12 462.0 2700 2700 7000
stmt41_118_131 1 2699.93 2700.12 1672.0 2700 2700 7000
stmt41_262_275 1 2699.84 2700.12 1787.0 2700 2700 7000
stmt41_566_580 1 2699.96 2700.11 907.0 2700 2700 7000
stmt41_738_737 1 2698.20 2700.11 629.0 2700 2700 7000
stmt41_738_749 1 2699.95 2700.11 1218.0 2700 2700 7000
stmt44_107_108 3 0.00 0.01 0.0 2700 2700 7000
stmt44_107_113 3 0.00 0.01 0.0 2700 2700 7000
stmt44_252_301 1 2699.96 2700.11 609.0 2700 2700 7000
stmt44_435_436 1 2699.94 2700.10 521.0 2700 2700 7000
stmt44_554_555 1 2698.93 2700.11 740.0 2700 2700 7000
stmt44_554_604 1 2699.57 2700.14 752.0 2700 2700 7000
stmt44_726_773 1 2699.02 2700.13 642.0 2700 2700 7000
stmt44_916_917 1 2699.74 2700.13 619.0 2700 2700 7000
stmt5_731_730 1 2699.03 2700.13 630.0 2700 2700 7000
stmt6_13_14 3 0.00 0.18 5.0 2700 2700 7000
stmt70_191_213 1 2699.89 2700.11 573.0 2700 2700 7000
stmt70_495_501 1 2699.98 2700.11 751.0 2700 2700 7000
stmt70_854_859 1 2699.98 2700.10 637.0 2700 2700 7000
stmt72_696_721 1 2699.97 2700.10 730.0 2700 2700 7000
stmt82_224_225 1 2699.78 2700.12 508.0 2700 2700 7000
stmt86_889_890 1 2699.98 2700.11 946.0 2700 2700 7000
stmt9_350_351 1 2699.98 2700.10 417.0 2700 2700 7000
stmt9_445_446 1 2699.85 2700.11 562.0 2700 2700 7000
toilet_a_02_01.2 3 0.00 0.02 0.0 2700 2700 7000
toilet_a_02_01.3 3 0.00 0.15 0.0 2700 2700 7000
toilet_a_04_01.2 3 0.00 0.19 5.0 2700 2700 7000
toilet_a_04_01.3 3 0.00 0.95 5.0 2700 2700 7000
toilet_a_04_01.4 3 0.00 0.95 5.0 2700 2700 7000
toilet_a_04_01.5 3 0.00 0.95 5.0 2700 2700 7000
toilet_a_04_01.6 3 0.00 0.09 0.0 2700 2700 7000
toilet_a_04_01.7 3 0.00 0.10 0.0 2700 2700 7000
toilet_a_04_01.8 3 0.00 0.13 0.0 2700 2700 7000
toilet_a_06_01.10 3 0.00 0.18 5.0 2700 2700 7000
toilet_a_06_01.11 3 0.00 0.16 4.0 2700 2700 7000
toilet_a_06_01.12 3 0.00 0.10 0.0 2700 2700 7000
toilet_a_06_01.2 3 0.01 0.13 0.0 2700 2700 7000
toilet_a_06_01.3 3 0.01 0.14 0.0 2700 2700 7000
toilet_a_06_01.4 3 0.00 0.18 5.0 2700 2700 7000
toilet_a_06_01.5 3 0.00 0.07 0.0 2700 2700 7000
toilet_a_06_01.6 3 0.00 0.16 5.0 2700 2700 7000
toilet_a_06_01.7 3 0.01 0.12 0.0 2700 2700 7000
toilet_a_06_01.8 3 0.00 0.07 0.0 2700 2700 7000
toilet_a_06_01.9 3 0.00 0.51 4.0 2700 2700 7000
toilet_a_06_05.2 3 0.00 0.50 5.0 2700 2700 7000
toilet_a_06_05.3 3 0.00 0.04 0.0 2700 2700 7000
toilet_a_08_01.10 3 0.00 0.10 0.0 2700 2700 7000
toilet_a_08_01.11 3 0.10 0.13 11.0 2700 2700 7000
toilet_a_08_01.12 3 0.10 0.16 11.0 2700 2700 7000
toilet_a_08_01.13 3 0.30 0.41 12.0 2700 2700 7000
toilet_a_08_01.14 3 2.80 2.84 18.0 2700 2700 7000
toilet_a_08_01.15 3 6.19 6.22 22.0 2700 2700 7000
toilet_a_08_01.16 3 0.00 0.08 0.0 2700 2700 7000
toilet_a_08_01.2 3 0.00 0.07 0.0 2700 2700 7000
toilet_a_08_01.3 3 0.00 0.08 0.0 2700 2700 7000
toilet_a_08_01.4 3 0.00 0.07 0.0 2700 2700 7000
toilet_a_08_01.5 3 0.00 0.06 0.0 2700 2700 7000
toilet_a_08_01.6 3 0.00 0.06 0.0 2700 2700 7000
toilet_a_08_01.7 3 0.00 0.29 5.0 2700 2700 7000
toilet_a_08_01.8 3 0.00 0.09 0.0 2700 2700 7000
toilet_a_08_01.9 3 0.01 0.36 7.0 2700 2700 7000
toilet_a_08_05.10 3 0.08 0.13 12.0 2700 2700 7000
toilet_a_08_05.2 3 0.00 0.06 0.0 2700 2700 7000
toilet_a_08_05.3 3 0.11 0.12 11.0 2700 2700 7000
toilet_a_08_05.4 3 0.00 0.11 0.0 2700 2700 7000
toilet_a_08_05.5 3 0.00 0.08 0.0 2700 2700 7000
toilet_a_08_05.6 3 0.00 0.08 0.0 2700 2700 7000
toilet_a_08_05.7 3 0.00 0.08 0.0 2700 2700 7000
toilet_a_08_05.8 3 0.00 0.09 0.0 2700 2700 7000
toilet_a_08_05.9 3 0.09 0.13 12.0 2700 2700 7000
toilet_a_10_01.10 3 0.49 0.59 21.0 2700 2700 7000
toilet_a_10_01.11 3 0.59 0.63 28.0 2700 2700 7000
toilet_a_10_01.12 3 0.70 0.74 29.0 2700 2700 7000
toilet_a_10_01.13 3 1.34 2.41 30.0 2700 2700 7000
toilet_a_10_01.14 3 3.84 4.89 35.0 2700 2700 7000
toilet_a_10_01.15 3 12.16 12.42 40.0 2700 2700 7000
toilet_a_10_01.16 3 27.43 28.07 53.0 2700 2700 7000
toilet_a_10_01.17 3 56.86 56.98 68.0 2700 2700 7000
toilet_a_10_01.18 3 183.85 183.98 64.0 2700 2700 7000
toilet_a_10_01.19 3 67.77 67.88 58.0 2700 2700 7000
toilet_a_10_01.2 3 0.66 0.73 27.0 2700 2700 7000
toilet_a_10_01.20 3 0.80 0.86 29.0 2700 2700 7000
toilet_a_10_01.3 3 0.77 0.82 23.0 2700 2700 7000
toilet_a_10_01.4 3 0.97 1.02 17.0 2700 2700 7000
toilet_a_10_01.5 3 0.58 0.62 26.0 2700 2700 7000
toilet_a_10_01.6 3 0.58 0.64 26.0 2700 2700 7000
toilet_a_10_01.7 3 0.77 0.88 24.0 2700 2700 7000
toilet_a_10_01.8 3 0.57 0.64 26.0 2700 2700 7000
toilet_a_10_01.9 3 0.56 0.64 26.0 2700 2700 7000
toilet_a_10_05.2 3 0.54 1.16 23.0 2700 2700 7000
toilet_a_10_05.3 3 0.58 0.77 28.0 2700 2700 7000
toilet_a_10_05.4 3 0.58 0.79 27.0 2700 2700 7000
toilet_c_02_01.2 3 0.00 0.06 0.0 2700 2700 7000
toilet_c_02_01.3 3 0.00 0.12 0.0 2700 2700 7000
toilet_c_04_01.2 3 0.00 0.06 0.0 2700 2700 7000
toilet_c_04_01.3 3 0.00 0.05 0.0 2700 2700 7000
toilet_c_04_01.4 3 0.00 0.06 0.0 2700 2700 7000
toilet_c_04_01.5 3 0.00 0.21 5.0 2700 2700 7000
toilet_c_04_01.6 3 0.00 0.57 5.0 2700 2700 7000
toilet_c_04_01.7 3 0.00 0.11 0.0 2700 2700 7000
toilet_c_04_01.8 3 0.00 0.16 5.0 2700 2700 7000
toilet_c_06_01.10 3 0.00 0.10 0.0 2700 2700 7000
toilet_c_06_01.11 3 0.00 0.09 0.0 2700 2700 7000
toilet_c_06_01.12 3 0.00 0.06 0.0 2700 2700 7000
toilet_c_06_01.2 3 0.00 0.05 0.0 2700 2700 7000
toilet_c_06_01.3 3 0.00 0.77 5.0 2700 2700 7000
toilet_c_06_01.4 3 0.00 0.77 5.0 2700 2700 7000
toilet_c_06_01.5 3 0.00 0.24 5.0 2700 2700 7000
toilet_c_06_01.6 3 0.00 0.26 5.0 2700 2700 7000
toilet_c_06_01.7 3 0.00 0.04 0.0 2700 2700 7000
toilet_c_06_01.8 3 0.00 0.01 0.0 2700 2700 7000
toilet_c_06_01.9 3 0.00 0.18 4.0 2700 2700 7000
toilet_c_06_05.2 3 0.00 0.01 0.0 2700 2700 7000
toilet_c_06_05.3 3 0.00 0.05 0.0 2700 2700 7000
toilet_c_06_05.4 3 0.00 0.02 0.0 2700 2700 7000
toilet_c_08_01.10 3 0.00 0.03 0.0 2700 2700 7000
toilet_c_08_01.11 3 0.00 0.07 0.0 2700 2700 7000
toilet_c_08_01.12 3 0.07 0.16 8.0 2700 2700 7000
toilet_c_08_01.13 3 0.30 0.33 9.0 2700 2700 7000
toilet_c_08_01.14 3 2.89 2.92 14.0 2700 2700 7000
toilet_c_08_01.15 3 6.09 6.14 18.0 2700 2700 7000
toilet_c_08_01.16 3 0.00 0.12 0.0 2700 2700 7000
toilet_c_08_01.2 3 0.00 0.78 5.0 2700 2700 7000
toilet_c_08_01.3 3 0.00 0.78 5.0 2700 2700 7000
toilet_c_08_01.4 3 0.00 0.19 5.0 2700 2700 7000
toilet_c_08_01.5 3 0.00 0.09 0.0 2700 2700 7000
toilet_c_08_01.6 3 0.00 0.08 0.0 2700 2700 7000
toilet_c_08_01.7 3 0.00 0.07 0.0 2700 2700 7000
toilet_c_08_01.8 3 0.00 0.16 4.0 2700 2700 7000
toilet_c_08_01.9 3 0.00 0.05 0.0 2700 2700 7000
toilet_c_08_05.10 3 0.00 0.06 0.0 2700 2700 7000
toilet_c_08_05.2 3 0.00 0.01 0.0 2700 2700 7000
toilet_c_08_05.3 3 0.00 0.07 0.0 2700 2700 7000
toilet_c_08_05.4 3 0.00 0.02 0.0 2700 2700 7000
toilet_c_08_05.5 3 0.00 0.04 0.0 2700 2700 7000
toilet_c_08_05.6 3 0.00 0.03 0.0 2700 2700 7000
toilet_c_08_05.7 3 0.00 0.05 0.0 2700 2700 7000
toilet_c_08_05.8 3 0.00 0.78 4.0 2700 2700 7000
toilet_c_08_05.9 3 0.00 0.19 5.0 2700 2700 7000
toilet_c_10_01.10 3 0.02 0.34 5.0 2700 2700 7000
toilet_c_10_01.11 3 0.00 0.78 5.0 2700 2700 7000
toilet_c_10_01.12 3 0.13 0.49 9.0 2700 2700 7000
toilet_c_10_01.13 3 0.76 1.52 11.0 2700 2700 7000
toilet_c_10_01.14 3 3.13 3.30 16.0 2700 2700 7000
toilet_c_10_01.15 3 10.99 11.15 23.0 2700 2700 7000
toilet_c_10_01.16 3 27.06 27.12 34.0 2700 2700 7000
toilet_c_10_01.17 3 56.34 56.50 49.0 2700 2700 7000
toilet_c_10_01.18 3 184.25 184.41 45.0 2700 2700 7000
toilet_c_10_01.19 3 66.32 66.43 38.0 2700 2700 7000
toilet_c_10_01.2 3 0.00 0.09 0.0 2700 2700 7000
toilet_c_10_01.20 3 0.00 0.19 5.0 2700 2700 7000
toilet_c_10_01.3 3 0.00 0.10 0.0 2700 2700 7000
toilet_c_10_01.4 3 0.00 0.16 5.0 2700 2700 7000
toilet_c_10_01.5 3 0.00 0.59 5.0 2700 2700 7000
toilet_c_10_01.6 3 0.00 0.06 0.0 2700 2700 7000
toilet_c_10_01.7 3 0.00 0.07 0.0 2700 2700 7000
toilet_c_10_01.8 3 0.00 0.45 7.0 2700 2700 7000
toilet_c_10_01.9 3 0.00 0.08 0.0 2700 2700 7000
toilet_c_10_05.10 3 0.05 0.13 10.0 2700 2700 7000
toilet_c_10_05.11 3 0.03 0.63 10.0 2700 2700 7000
toilet_c_10_05.12 3 0.05 0.12 0.0 2700 2700 7000
toilet_c_10_05.2 3 0.00 0.06 0.0 2700 2700 7000
toilet_c_10_05.3 3 0.06 0.13 8.0 2700 2700 7000
toilet_c_10_05.4 3 0.00 0.09 0.0 2700 2700 7000
toilet_c_10_05.5 3 0.00 0.11 0.0 2700 2700 7000
toilet_c_10_05.6 3 0.00 0.09 0.0 2700 2700 7000
toilet_c_10_05.7 3 0.00 0.10 0.0 2700 2700 7000
toilet_c_10_05.8 3 0.00 0.11 0.0 2700 2700 7000
toilet_c_10_05.9 3 0.05 0.12 0.0 2700 2700 7000
ttt_5x5-shape-1-GTTT-2-2-torus-0 1 2699.75 2700.32 5589.0 2700 2700 7000
