 result time real space tlim rlim slim
2qbf-5cnf-100var-400cl.1 1 2699.99 2700.10 409.0 2700 2700 7000
2qbf-5cnf-150var-300cl.1 1 2699.89 2700.11 365.0 2700 2700 7000
2qbf-5cnf-150var-300cl.2 1 2699.96 2700.10 515.0 2700 2700 7000
2qbf-5cnf-150var-600cl.1 1 2699.87 2700.10 436.0 2700 2700 7000
2qbf-5cnf-150var-600cl.2 1 2699.83 2700.10 499.0 2700 2700 7000
2qbf-5cnf-50var-300cl.2 1 2700.02 2700.10 587.0 2700 2700 7000
3qbf-5cnf-100var-1200cl.1 3 0.00 0.01 0.0 2700 2700 7000
3qbf-5cnf-100var-1200cl.2 3 0.00 0.14 0.0 2700 2700 7000
3qbf-5cnf-100var-400cl.1 3 0.00 0.15 0.0 2700 2700 7000
3qbf-5cnf-100var-400cl.2 3 0.00 0.14 4.0 2700 2700 7000
3qbf-5cnf-150var-1200cl.1 3 0.00 0.01 0.0 2700 2700 7000
3qbf-5cnf-150var-1200cl.2 3 0.00 0.02 0.0 2700 2700 7000
3qbf-5cnf-150var-1500cl.1 3 0.00 0.02 0.0 2700 2700 7000
3qbf-5cnf-150var-1500cl.2 3 0.00 0.02 0.0 2700 2700 7000
4qbf-5cnf-100var-1000cl.2 1 2700.02 2700.11 702.0 2700 2700 7000
4qbf-5cnf-100var-1600cl.2 3 0.02 0.12 5.0 2700 2700 7000
4qbf-5cnf-100var-600cl.1 1 2699.88 2700.12 620.0 2700 2700 7000
4qbf-5cnf-100var-600cl.2 1 2699.94 2700.12 542.0 2700 2700 7000
4qbf-5cnf-100var-800cl.2 1 2699.96 2700.12 473.0 2700 2700 7000
4qbf-5cnf-150var-1500cl.1 3 0.00 0.05 0.0 2700 2700 7000
4qbf-5cnf-150var-1500cl.2 3 0.00 0.03 0.0 2700 2700 7000
4qbf-5cnf-150var-1800cl.2 1 2699.98 2700.12 421.0 2700 2700 7000
4qbf-5cnf-150var-600cl.1 1 2699.97 2700.12 382.0 2700 2700 7000
4qbf-5cnf-150var-600cl.2 1 2699.98 2700.12 468.0 2700 2700 7000
4qbf-5cnf-150var-900cl.2 1 2699.95 2700.11 327.0 2700 2700 7000
4qbf-5cnf-50var-200cl.1 1 2699.91 2700.13 591.0 2700 2700 7000
4qbf-5cnf-50var-200cl.2 1 2699.53 2700.12 710.0 2700 2700 7000
4qbf-5cnf-50var-300cl.1 1 2699.97 2700.13 503.0 2700 2700 7000
4qbf-5cnf-50var-500cl.1 3 0.00 0.02 0.0 2700 2700 7000
4qbf-5cnf-50var-500cl.2 3 0.00 0.02 0.0 2700 2700 7000
4qbf-5cnf-50var-700cl.1 3 0.00 0.03 0.0 2700 2700 7000
4qbf-5cnf-50var-900cl.2 3 0.00 0.03 0.0 2700 2700 7000
5qbf-5cnf-100var-1000cl.2 1 2699.91 2700.11 702.0 2700 2700 7000
5qbf-5cnf-100var-1400cl.1 3 0.01 0.21 0.0 2700 2700 7000
5qbf-5cnf-100var-1400cl.2 3 0.00 0.07 0.0 2700 2700 7000
5qbf-5cnf-100var-800cl.1 3 0.00 0.07 0.0 2700 2700 7000
5qbf-5cnf-100var-800cl.2 3 0.01 0.16 0.0 2700 2700 7000
5qbf-5cnf-150var-1800cl.1 3 0.01 0.39 0.0 2700 2700 7000
5qbf-5cnf-150var-1800cl.2 3 0.00 0.14 4.0 2700 2700 7000
5qbf-5cnf-150var-2100cl.1 3 0.00 0.14 0.0 2700 2700 7000
5qbf-5cnf-150var-2100cl.2 3 0.00 0.05 0.0 2700 2700 7000
5qbf-5cnf-150var-600cl.1 3 0.00 0.02 0.0 2700 2700 7000
5qbf-5cnf-150var-600cl.2 3 0.00 0.05 0.0 2700 2700 7000
5qbf-5cnf-50var-300cl.1 3 0.00 0.05 0.0 2700 2700 7000
5qbf-5cnf-50var-300cl.2 1 2700.00 2700.14 552.0 2700 2700 7000
5qbf-5cnf-50var-800cl.2 3 0.00 0.04 0.0 2700 2700 7000
BLOCKS3i.4.4 3 0.00 0.08 0.0 2700 2700 7000
BLOCKS3i.5.3 3 122.99 123.06 171.0 2700 2700 7000
BLOCKS3i.5.4 1 2699.72 2700.11 546.0 2700 2700 7000
BLOCKS3ii.4.3 3 0.03 0.24 4.0 2700 2700 7000
BLOCKS3ii.5.2 3 0.03 0.24 5.0 2700 2700 7000
BLOCKS3ii.5.3 3 3.39 3.42 33.0 2700 2700 7000
BLOCKS3iii.4 3 0.00 0.08 0.0 2700 2700 7000
BLOCKS3iii.5 3 3.86 4.00 40.0 2700 2700 7000
BLOCKS4i.6.4 3 0.16 0.27 8.0 2700 2700 7000
BLOCKS4ii.6.3 3 0.51 0.60 8.0 2700 2700 7000
BLOCKS4ii.7.2 3 0.51 0.60 9.0 2700 2700 7000
BLOCKS4iii.6 3 0.21 0.57 6.0 2700 2700 7000
BLOCKS4iii.7 1 2699.94 2700.14 576.0 2700 2700 7000
C432.blif_0.10_0.20_0_0_inp_exact 1 2699.82 2700.13 557.0 2700 2700 7000
C432.blif_0.10_0.20_0_1_inp_exact 1 2697.83 2700.12 549.0 2700 2700 7000
C499.blif_0.10_0.20_0_1_inp_exact 1 2697.84 2700.12 426.0 2700 2700 7000
C6288.blif_0.10_0.20_0_0_inp_exact 1 2700.01 2700.11 423.0 2700 2700 7000
C6288.blif_0.10_0.20_0_1_inp_exact 1 2700.00 2700.11 391.0 2700 2700 7000
C880.blif_0.10_0.20_0_0_inp_exact 1 2699.99 2700.11 544.0 2700 2700 7000
C880.blif_0.10_0.20_0_1_inp_exact 1 2699.98 2700.11 480.0 2700 2700 7000
Core1108_tbm_21.tex.module.000030 1 2700.03 2700.14 332.0 2700 2700 7000
TOILET10.1.iv.20 1 2699.99 2700.12 532.0 2700 2700 7000
TOILET16.1.iv.32 1 2699.97 2700.11 595.0 2700 2700 7000
TOILET2.1.iv.3 3 0.00 0.02 0.0 2700 2700 7000
TOILET6.1.iv.11 3 123.31 123.33 204.0 2700 2700 7000
TOILET6.1.iv.12 3 1801.38 1801.87 398.0 2700 2700 7000
TOILET7.1.iv.13 1 2699.75 2700.12 484.0 2700 2700 7000
TOILET7.1.iv.14 1 2700.00 2700.12 466.0 2700 2700 7000
W4-Umbrella_tbm_21.tex.moduleQ3.6S.000001 1 2700.01 2700.10 662.0 2700 2700 7000
W5-Umbrella_tbm_26.tex.moduleQ3.7S.000003 1 2699.25 2700.15 503.0 2700 2700 7000
arbiter-06-comp-error01-qbf-hardness-depth-15 1 2699.87 2700.12 705.0 2700 2700 7000
arbiter-09-comp-error01-qbf-hardness-depth-15 1 2699.90 2700.13 510.0 2700 2700 7000
b21_PR_8_20 1 2699.98 2700.13 779.0 2700 2700 7000
b21_PR_9_90 3 1.18 1.25 24.0 2700 2700 7000
b22_PR_9_90 1 2699.99 2700.12 978.0 2700 2700 7000
bobsm5378d2 1 2699.91 2700.13 987.0 2700 2700 7000
bobsm9234 1 2699.80 2700.12 607.0 2700 2700 7000
bobsmhdlc 1 2699.83 2700.15 848.0 2700 2700 7000
bobsmhdlc1 1 2699.95 2700.12 864.0 2700 2700 7000
bobsmhdlc2 1 2699.81 2700.13 993.0 2700 2700 7000
bobsmhdlc3 1 2699.82 2700.14 1090.0 2700 2700 7000
bobtuint31neg 3 3.03 3.29 39.0 2700 2700 7000
c1_Debug_s3_f2_e1_v1 1 2699.51 2700.14 1750.0 2700 2700 7000
c2_Debug_s3_f1_e1_v2 1 2699.16 2700.13 192.0 2700 2700 7000
ceiling128 3 132.42 133.27 153.0 2700 2700 7000
ceiling256 1 2697.87 2700.11 226.0 2700 2700 7000
ceiling32 3 0.88 1.13 22.0 2700 2700 7000
comp.blif_0.10_0.20_0_0_inp_exact 3 0.03 0.24 17.0 2700 2700 7000
comp.blif_0.10_0.20_0_1_inp_exact 3 0.00 0.05 0.0 2700 2700 7000
decomposition128 3 0.00 0.08 0.0 2700 2700 7000
decomposition256 3 0.11 0.20 7.0 2700 2700 7000
decomposition32 3 0.00 0.03 0.0 2700 2700 7000
depots02_7 1 2700.03 2700.11 290.0 2700 2700 7000
depots04_7 1 2699.98 2700.11 781.0 2700 2700 7000
depots04_8 1 2699.40 2700.11 778.0 2700 2700 7000
depots07_7 1 2699.17 2700.14 598.0 2700 2700 7000
depots08_6 1 2698.98 2700.11 807.0 2700 2700 7000
depots08_7 1 2699.61 2700.14 811.0 2700 2700 7000
depots10_7 1 2699.62 2700.11 1236.0 2700 2700 7000
depots16_7 1 2698.18 2700.11 1091.0 2700 2700 7000
driverlog01_5 1 2699.56 2700.11 319.0 2700 2700 7000
driverlog01_6 1 2699.93 2700.14 489.0 2700 2700 7000
driverlog01_7 1 2699.83 2700.12 280.0 2700 2700 7000
driverlog03_6 1 2698.36 2700.12 318.0 2700 2700 7000
driverlog03_7 1 2699.99 2700.10 411.0 2700 2700 7000
driverlog03_8 1 2699.22 2700.12 370.0 2700 2700 7000
driverlog04_7 1 2699.02 2700.11 260.0 2700 2700 7000
driverlog04_8 1 2698.96 2700.11 343.0 2700 2700 7000
driverlog05_7 1 2693.91 2700.11 273.0 2700 2700 7000
driverlog05_8 1 2699.03 2700.11 426.0 2700 2700 7000
driverlog06_4 1 2699.02 2700.12 766.0 2700 2700 7000
driverlog07_7 1 2699.32 2700.10 487.0 2700 2700 7000
driverlog08_7 1 2699.49 2700.10 365.0 2700 2700 7000
driverlog09_8 1 2699.39 2700.11 366.0 2700 2700 7000
driverlog10_5 1 2699.25 2700.13 528.0 2700 2700 7000
driverlog10_7 1 2699.28 2700.11 383.0 2700 2700 7000
driverlog11_7 1 2699.86 2700.12 577.0 2700 2700 7000
driverlog11_8 1 2699.98 2700.11 429.0 2700 2700 7000
driverlog11_9 1 2699.94 2700.13 504.0 2700 2700 7000
driverlog12_7 1 2699.81 2700.10 748.0 2700 2700 7000
driverlog13_7 1 2699.98 2700.10 713.0 2700 2700 7000
dungeon_i25-m12-u3-v0.pddl_planlen=130 3 12.78 12.86 315.0 2700 2700 7000
dungeon_i25-m12-u3-v0.pddl_planlen=146 3 12.23 12.34 365.0 2700 2700 7000
dungeon_i25-m12-u3-v0.pddl_planlen=165 3 14.31 14.66 429.0 2700 2700 7000
dungeon_i25-m12-u3-v0.pddl_planlen=190 3 15.76 16.10 520.0 2700 2700 7000
dungeon_i25-m12-u3-v0.pddl_planlen=72 3 8.16 8.68 181.0 2700 2700 7000
dungeon_i25-m12-u5-v0.pddl_planlen=143 1 2699.37 2700.13 1318.0 2700 2700 7000
dungeon_i25-m12-u5-v0.pddl_planlen=198 1 2698.83 2700.15 1709.0 2700 2700 7000
dungeon_i25-m12-u5-v0.pddl_planlen=200 1 2698.92 2700.14 1724.0 2700 2700 7000
dungeon_i25-m12-u5-v0.pddl_planlen=65 1 2699.25 2700.12 1400.0 2700 2700 7000
dungeon_i25-m12-u5-v0.pddl_planlen=81 1 2698.05 2700.13 899.0 2700 2700 7000
dungeon_i25-m12-u5-v0.pddl_planlen=86 1 2699.95 2700.13 939.0 2700 2700 7000
dungeon_i25-m12-u5-v0.pddl_planlen=98 1 2699.94 2700.14 1002.0 2700 2700 7000
eijkbs1512 1 2699.56 2700.12 876.0 2700 2700 7000
eijkbs3330 1 2699.53 2700.10 827.0 2700 2700 7000
eijkbs4863 1 2699.80 2700.12 1257.0 2700 2700 7000
equalization32 3 17.69 17.72 47.0 2700 2700 7000
flipflop-3-c 3 0.00 1.34 4.0 2700 2700 7000
flipflop-4-c 3 0.00 0.03 0.0 2700 2700 7000
flipflop-5-c 3 0.02 1.35 5.0 2700 2700 7000
floor128 3 1.19 1.25 32.0 2700 2700 7000
floor256 3 5.51 5.53 77.0 2700 2700 7000
floor32 3 0.03 0.41 18.0 2700 2700 7000
hex_rand_6x6-20m-0 1 2699.97 2700.12 818.0 2700 2700 7000
hex_rand_6x6-20m-1 1 2699.77 2700.12 564.0 2700 2700 7000
hex_rand_6x6-20m-3 1 2699.95 2700.11 621.0 2700 2700 7000
hex_rand_6x6-20m-6 1 2699.97 2700.11 636.0 2700 2700 7000
hex_rand_6x6-20m-7 1 2698.35 2700.13 660.0 2700 2700 7000
hex_rand_6x6-20m-8 1 2698.33 2700.13 712.0 2700 2700 7000
intermediate128 1 2698.25 2700.14 565.0 2700 2700 7000
intermediate32 1 2698.34 2700.13 570.0 2700 2700 7000
kenflashp01 3 0.08 1.75 3.0 2700 2700 7000
kenflashp02 3 0.09 1.75 17.0 2700 2700 7000
kenflashp04 3 0.06 1.72 5.0 2700 2700 7000
kenflashp12 3 0.09 1.75 4.0 2700 2700 7000
kenoopp1 3 0.02 1.49 16.0 2700 2700 7000
lights3_021_1_022 3 0.89 1.80 34.0 2700 2700 7000
lights3_021_1_033 3 0.75 1.62 34.0 2700 2700 7000
lights3_035_1_021 3 0.04 1.59 7.0 2700 2700 7000
lights3_035_1_032 3 0.07 1.07 5.0 2700 2700 7000
lights3_035_1_059 3 2.40 3.29 42.0 2700 2700 7000
lognBWLARGEA1 3 0.38 0.77 21.0 2700 2700 7000
lognBWLARGEB1 3 1.44 1.53 51.0 2700 2700 7000
nreachq_nxquery_1344 1 2699.97 2700.12 897.0 2700 2700 7000
nreachq_query02_1344 1 2699.29 2700.15 961.0 2700 2700 7000
nreachq_query05_1344 1 2699.96 2700.11 1084.0 2700 2700 7000
nreachq_query26_1344 1 2699.33 2700.15 1010.0 2700 2700 7000
nreachq_query52_1344 1 2699.91 2700.15 183.0 2700 2700 7000
pdtpmsgigamax 1 2699.99 2700.13 528.0 2700 2700 7000
pdtpmsmiim 3 0.40 0.46 21.0 2700 2700 7000
pdtpmsrotate32 3 0.11 0.13 20.0 2700 2700 7000
query10_axquery_1344 3 0.19 0.22 7.0 2700 2700 7000
query10_query05_1344 1 2699.97 2700.12 817.0 2700 2700 7000
query10_query07_1344 1 2699.97 2700.13 1028.0 2700 2700 7000
query10_query36_1344 1 2699.93 2700.12 219.0 2700 2700 7000
query10_reachqu_1344 1 2699.97 2700.13 228.0 2700 2700 7000
reachqu_exquery_1344 1 2699.98 2700.11 890.0 2700 2700 7000
reachqu_nxquery_1344 1 2699.18 2700.14 760.0 2700 2700 7000
reachqu_query01_1344 1 2699.26 2700.12 959.0 2700 2700 7000
reachqu_query07_1344 1 2699.26 2700.12 945.0 2700 2700 7000
s00420_PR_1_20 3 0.34 1.37 12.0 2700 2700 7000
s01488_PR_1_10 3 0.30 0.77 21.0 2700 2700 7000
s1196_1_5 1 2699.29 2700.13 295.0 2700 2700 7000
s13207_1_107 1 2699.23 2700.13 233.0 2700 2700 7000
s3330_1_70 1 2699.14 2700.14 392.0 2700 2700 7000
s38417_PR_4_50 3 27.74 28.14 98.0 2700 2700 7000
s38584_3_238 1 2699.64 2700.11 482.0 2700 2700 7000
s38584_PR_8_50 3 62.24 63.09 363.0 2700 2700 7000
s5378_1_0 1 2699.27 2700.12 486.0 2700 2700 7000
sortnetsort10.v.stepl.004 1 2699.73 2700.11 916.0 2700 2700 7000
sortnetsort10.v.stepl.005 1 2699.60 2700.12 1003.0 2700 2700 7000
sortnetsort10.v.stepl.006 1 2699.60 2700.11 907.0 2700 2700 7000
sortnetsort10.v.stepl.007 1 2699.93 2700.10 736.0 2700 2700 7000
sortnetsort10.v.stepl.008 1 2697.90 2700.14 766.0 2700 2700 7000
sortnetsort10.v.stepl.009 1 2698.42 2700.14 972.0 2700 2700 7000
sortnetsort10.v.stepl.010 1 2698.54 2700.14 1005.0 2700 2700 7000
sortnetsort10.v.stepl.011 1 2698.55 2700.14 847.0 2700 2700 7000
sortnetsort10.v.stepl.012 1 2698.57 2700.12 864.0 2700 2700 7000
sortnetsort5.v.stepl.003 3 0.82 0.93 29.0 2700 2700 7000
sortnetsort5.v.stepl.004 3 3.34 3.46 47.0 2700 2700 7000
sortnetsort5.v.stepl.005 3 2.38 3.89 34.0 2700 2700 7000
sortnetsort5.v.stepl.006 3 3.66 4.52 36.0 2700 2700 7000
sortnetsort5.v.stepl.007 3 6.81 8.27 54.0 2700 2700 7000
sortnetsort6.v.stepl.003 3 21.17 22.70 96.0 2700 2700 7000
sortnetsort6.v.stepl.004 3 166.10 166.35 262.0 2700 2700 7000
sortnetsort6.v.stepl.005 1 2699.83 2700.11 968.0 2700 2700 7000
sortnetsort6.v.stepl.006 1 2699.90 2700.12 959.0 2700 2700 7000
sortnetsort6.v.stepl.007 1 2699.93 2700.11 608.0 2700 2700 7000
sortnetsort7.v.stepl.003 3 713.35 713.42 334.0 2700 2700 7000
sortnetsort7.v.stepl.004 1 2699.99 2700.12 721.0 2700 2700 7000
sortnetsort7.v.stepl.005 1 2699.87 2700.13 707.0 2700 2700 7000
sortnetsort7.v.stepl.006 1 2699.99 2700.13 835.0 2700 2700 7000
sortnetsort7.v.stepl.007 1 2699.69 2700.14 828.0 2700 2700 7000
sortnetsort7.v.stepl.008 1 2699.70 2700.15 893.0 2700 2700 7000
sortnetsort7.v.stepl.009 1 2699.97 2700.14 798.0 2700 2700 7000
sortnetsort8.v.stepl.003 1 2699.91 2700.12 610.0 2700 2700 7000
sortnetsort8.v.stepl.004 1 2696.93 2700.11 815.0 2700 2700 7000
sortnetsort8.v.stepl.005 1 2699.97 2700.14 1167.0 2700 2700 7000
sortnetsort8.v.stepl.006 1 2699.97 2700.13 1045.0 2700 2700 7000
sortnetsort8.v.stepl.007 1 2699.98 2700.11 793.0 2700 2700 7000
sortnetsort8.v.stepl.008 1 2699.97 2700.11 904.0 2700 2700 7000
sortnetsort8.v.stepl.009 1 2699.95 2700.11 805.0 2700 2700 7000
sortnetsort9.v.stepl.004 1 2699.95 2700.11 958.0 2700 2700 7000
sortnetsort9.v.stepl.005 1 2699.90 2700.11 998.0 2700 2700 7000
sortnetsort9.v.stepl.006 1 2699.97 2700.10 1008.0 2700 2700 7000
sortnetsort9.v.stepl.007 1 2699.57 2700.15 681.0 2700 2700 7000
sortnetsort9.v.stepl.008 1 2699.54 2700.14 1165.0 2700 2700 7000
sortnetsort9.v.stepl.009 1 2699.97 2700.15 1209.0 2700 2700 7000
sortnetsort9.v.stepl.010 1 2700.00 2700.14 1065.0 2700 2700 7000
sortnetsort9.v.stepl.011 1 2700.01 2700.12 881.0 2700 2700 7000
sortnetsort9.v.stepl.012 1 2700.00 2700.13 1221.0 2700 2700 7000
stmt21_310_360 1 2695.79 2700.14 577.0 2700 2700 7000
stmt39_285_335 3 203.87 203.98 220.0 2700 2700 7000
szymanski-4-s 3 0.00 0.08 0.0 2700 2700 7000
term1.blif_0.10_0.20_0_0_inp_exact 1 2700.00 2700.12 481.0 2700 2700 7000
texas.ifetch1^1.E-d3 3 0.00 0.03 0.0 2700 2700 7000
texas.ifetch1^9.E-d3 3 0.00 0.03 0.0 2700 2700 7000
ttt_5x5-shape-0-GTTT-1-1-torus-0 1 2699.26 2700.12 441.0 2700 2700 7000
ttt_5x5-shape-0-GTTT-1-2-torus-1 3 0.17 0.37 7.0 2700 2700 7000
ttt_5x5-shape-0-GTTT-2-1-torus-0 1 2699.95 2700.13 731.0 2700 2700 7000
ttt_5x5-shape-0-GTTT-2-1-torus-1 1 2699.98 2700.11 596.0 2700 2700 7000
ttt_5x5-shape-0-GTTT-2-2-torus-0 3 0.21 0.27 7.0 2700 2700 7000
ttt_5x5-shape-0-GTTT-2-2-torus-1 3 0.20 0.22 7.0 2700 2700 7000
ttt_5x5-shape-1-GTTT-1-1-torus-0 1 2700.02 2700.13 291.0 2700 2700 7000
ttt_5x5-shape-1-GTTT-1-1-torus-1 1 2700.01 2700.11 553.0 2700 2700 7000
ttt_5x5-shape-1-GTTT-1-2-torus-0 1 2699.98 2700.11 790.0 2700 2700 7000
ttt_5x5-shape-1-GTTT-1-2-torus-1 1 2699.91 2700.11 622.0 2700 2700 7000
ttt_5x5-shape-1-GTTT-2-1-torus-0 1 2699.97 2700.11 643.0 2700 2700 7000
ttt_5x5-shape-1-GTTT-2-1-torus-1 1 2699.99 2700.12 678.0 2700 2700 7000
