 result time real space tlim rlim slim
2qbf-5cnf-100var-400cl.1 3 0.00 0.03 0.0 2700 2700 7000
2qbf-5cnf-150var-300cl.1 3 0.00 0.03 0.0 2700 2700 7000
2qbf-5cnf-150var-300cl.2 3 0.00 0.02 0.0 2700 2700 7000
2qbf-5cnf-150var-600cl.1 3 0.00 0.03 0.0 2700 2700 7000
2qbf-5cnf-150var-600cl.2 3 0.00 0.05 0.0 2700 2700 7000
2qbf-5cnf-50var-300cl.2 3 0.00 0.03 0.0 2700 2700 7000
3qbf-5cnf-100var-1200cl.1 3 0.00 0.02 0.0 2700 2700 7000
3qbf-5cnf-100var-1200cl.2 3 0.00 0.03 0.0 2700 2700 7000
3qbf-5cnf-100var-400cl.1 3 0.00 0.01 0.0 2700 2700 7000
3qbf-5cnf-100var-400cl.2 3 0.00 0.02 0.0 2700 2700 7000
3qbf-5cnf-150var-1200cl.1 3 0.00 0.02 0.0 2700 2700 7000
3qbf-5cnf-150var-1200cl.2 3 0.00 0.01 0.0 2700 2700 7000
3qbf-5cnf-150var-1500cl.1 3 0.00 0.02 0.0 2700 2700 7000
3qbf-5cnf-150var-1500cl.2 3 0.00 0.02 0.0 2700 2700 7000
4qbf-5cnf-100var-1000cl.2 3 0.00 0.02 0.0 2700 2700 7000
4qbf-5cnf-100var-1600cl.2 3 0.00 0.02 0.0 2700 2700 7000
4qbf-5cnf-100var-600cl.1 3 2017.01 2017.10 66.0 2700 2700 7000
4qbf-5cnf-100var-600cl.2 3 0.00 0.02 0.0 2700 2700 7000
4qbf-5cnf-100var-800cl.2 3 0.00 0.05 0.0 2700 2700 7000
4qbf-5cnf-150var-1500cl.1 3 0.00 0.02 0.0 2700 2700 7000
4qbf-5cnf-150var-1500cl.2 3 0.00 0.03 0.0 2700 2700 7000
4qbf-5cnf-150var-1800cl.2 3 0.00 0.03 0.0 2700 2700 7000
4qbf-5cnf-150var-600cl.1 3 0.00 0.03 0.0 2700 2700 7000
4qbf-5cnf-150var-600cl.2 3 0.00 0.02 0.0 2700 2700 7000
4qbf-5cnf-150var-900cl.2 3 0.00 0.04 0.0 2700 2700 7000
4qbf-5cnf-50var-200cl.1 3 0.00 0.01 0.0 2700 2700 7000
4qbf-5cnf-50var-200cl.2 3 0.00 0.03 0.0 2700 2700 7000
4qbf-5cnf-50var-300cl.1 3 0.00 0.03 0.0 2700 2700 7000
4qbf-5cnf-50var-500cl.1 3 0.00 0.03 0.0 2700 2700 7000
4qbf-5cnf-50var-500cl.2 3 0.00 0.02 0.0 2700 2700 7000
4qbf-5cnf-50var-700cl.1 3 0.00 0.02 0.0 2700 2700 7000
4qbf-5cnf-50var-900cl.2 3 0.00 0.02 0.0 2700 2700 7000
5qbf-5cnf-100var-1000cl.2 3 108.70 108.75 42.0 2700 2700 7000
5qbf-5cnf-100var-1400cl.1 3 0.00 0.05 0.0 2700 2700 7000
5qbf-5cnf-100var-1400cl.2 3 0.00 0.02 0.0 2700 2700 7000
5qbf-5cnf-100var-800cl.1 3 0.00 0.03 0.0 2700 2700 7000
5qbf-5cnf-100var-800cl.2 3 0.00 0.02 0.0 2700 2700 7000
5qbf-5cnf-150var-1800cl.1 3 0.00 0.02 0.0 2700 2700 7000
5qbf-5cnf-150var-1800cl.2 3 0.00 0.02 0.0 2700 2700 7000
5qbf-5cnf-150var-2100cl.1 3 0.00 0.03 0.0 2700 2700 7000
5qbf-5cnf-150var-2100cl.2 3 0.00 0.06 0.0 2700 2700 7000
5qbf-5cnf-150var-600cl.1 3 0.00 0.03 0.0 2700 2700 7000
5qbf-5cnf-150var-600cl.2 3 0.00 0.01 0.0 2700 2700 7000
5qbf-5cnf-50var-300cl.1 3 0.00 0.03 0.0 2700 2700 7000
5qbf-5cnf-50var-300cl.2 3 0.00 0.01 0.0 2700 2700 7000
5qbf-5cnf-50var-800cl.2 3 0.00 0.03 0.0 2700 2700 7000
BLOCKS3i.4.4 3 0.00 0.03 0.0 2700 2700 7000
BLOCKS3i.5.3 3 1.43 1.47 8.0 2700 2700 7000
BLOCKS3i.5.4 3 0.00 0.09 0.0 2700 2700 7000
BLOCKS3ii.4.3 3 0.00 0.04 0.0 2700 2700 7000
BLOCKS3ii.5.2 3 0.00 0.03 0.0 2700 2700 7000
BLOCKS3ii.5.3 3 0.11 0.16 6.0 2700 2700 7000
BLOCKS3iii.4 3 0.00 0.03 0.0 2700 2700 7000
BLOCKS3iii.5 3 0.00 0.09 0.0 2700 2700 7000
BLOCKS4i.6.4 3 0.08 0.15 0.0 2700 2700 7000
BLOCKS4ii.6.3 3 0.00 0.09 0.0 2700 2700 7000
BLOCKS4ii.7.2 1 2699.99 2700.11 162.0 2700 2700 7000
BLOCKS4iii.6 3 0.00 0.06 0.0 2700 2700 7000
BLOCKS4iii.7 1 2699.95 2700.12 154.0 2700 2700 7000
C432.blif_0.10_0.20_0_0_inp_exact 3 2174.89 2174.92 135.0 2700 2700 7000
C432.blif_0.10_0.20_0_1_inp_exact 3 2.19 2.23 12.0 2700 2700 7000
C499.blif_0.10_0.20_0_1_inp_exact 3 15.65 15.77 35.0 2700 2700 7000
C6288.blif_0.10_0.20_0_0_inp_exact 1 2699.97 2700.13 393.0 2700 2700 7000
C6288.blif_0.10_0.20_0_1_inp_exact 1 2699.98 2700.15 342.0 2700 2700 7000
C880.blif_0.10_0.20_0_0_inp_exact 1 2700.00 2700.12 200.0 2700 2700 7000
C880.blif_0.10_0.20_0_1_inp_exact 1 2699.98 2700.14 183.0 2700 2700 7000
Core1108_tbm_21.tex.module.000030 1 2699.97 2700.11 160.0 2700 2700 7000
TOILET10.1.iv.20 1 2699.88 2700.13 163.0 2700 2700 7000
TOILET16.1.iv.32 1 2699.88 2700.13 181.0 2700 2700 7000
TOILET2.1.iv.3 3 0.00 0.07 0.0 2700 2700 7000
TOILET6.1.iv.11 3 6.19 6.25 13.0 2700 2700 7000
TOILET6.1.iv.12 3 0.10 0.17 6.0 2700 2700 7000
TOILET7.1.iv.13 3 113.26 113.42 39.0 2700 2700 7000
TOILET7.1.iv.14 3 8.69 8.73 10.0 2700 2700 7000
W4-Umbrella_tbm_21.tex.moduleQ3.6S.000001 1 2699.98 2700.11 232.0 2700 2700 7000
W5-Umbrella_tbm_26.tex.moduleQ3.7S.000003 1 2699.98 2700.11 287.0 2700 2700 7000
arbiter-06-comp-error01-qbf-hardness-depth-15 1 2699.92 2700.11 575.0 2700 2700 7000
arbiter-09-comp-error01-qbf-hardness-depth-15 1 2699.64 2700.12 689.0 2700 2700 7000
b21_PR_8_20 1 2699.78 2700.13 713.0 2700 2700 7000
b21_PR_9_90 3 0.08 0.16 11.0 2700 2700 7000
b22_PR_9_90 1 2699.97 2700.11 1068.0 2700 2700 7000
bobsm5378d2 1 2699.83 2700.10 240.0 2700 2700 7000
bobsm9234 1 2699.96 2700.11 268.0 2700 2700 7000
bobsmhdlc 1 2699.91 2700.12 236.0 2700 2700 7000
bobsmhdlc1 1 2699.96 2700.12 183.0 2700 2700 7000
bobsmhdlc2 1 2699.82 2700.12 203.0 2700 2700 7000
bobsmhdlc3 1 2699.95 2700.12 209.0 2700 2700 7000
bobtuint31neg 1 2699.90 2700.10 261.0 2700 2700 7000
c1_Debug_s3_f2_e1_v1 1 2699.95 2700.15 1916.0 2700 2700 7000
c2_Debug_s3_f1_e1_v2 1 2699.96 2700.12 2081.0 2700 2700 7000
ceiling128 1 2699.97 2700.12 327.0 2700 2700 7000
ceiling256 1 2699.89 2700.12 463.0 2700 2700 7000
ceiling32 1 2699.99 2700.12 121.0 2700 2700 7000
comp.blif_0.10_0.20_0_0_inp_exact 3 0.00 0.19 4.0 2700 2700 7000
comp.blif_0.10_0.20_0_1_inp_exact 3 0.03 0.13 0.0 2700 2700 7000
decomposition128 3 0.00 0.04 0.0 2700 2700 7000
decomposition256 1 2699.99 2700.11 336.0 2700 2700 7000
decomposition32 3 0.00 0.03 0.0 2700 2700 7000
depots02_7 3 1053.87 1053.96 116.0 2700 2700 7000
depots04_7 1 2699.86 2700.12 296.0 2700 2700 7000
depots04_8 1 2699.72 2700.12 246.0 2700 2700 7000
depots07_7 1 2697.33 2700.11 160.0 2700 2700 7000
depots08_6 1 2699.67 2700.12 384.0 2700 2700 7000
depots08_7 1 2699.51 2700.11 431.0 2700 2700 7000
depots10_7 1 2699.31 2700.11 231.0 2700 2700 7000
depots16_7 1 2699.93 2700.11 547.0 2700 2700 7000
driverlog01_5 3 0.03 0.58 5.0 2700 2700 7000
driverlog01_6 3 0.02 0.58 5.0 2700 2700 7000
driverlog01_7 3 0.03 0.58 5.0 2700 2700 7000
driverlog03_6 3 1.27 1.56 7.0 2700 2700 7000
driverlog03_7 3 6.29 6.39 12.0 2700 2700 7000
driverlog03_8 3 61.79 61.82 35.0 2700 2700 7000
driverlog04_7 3 258.01 258.03 44.0 2700 2700 7000
driverlog04_8 1 2700.00 2700.12 163.0 2700 2700 7000
driverlog05_7 3 558.71 558.76 62.0 2700 2700 7000
driverlog05_8 1 2699.82 2700.12 139.0 2700 2700 7000
driverlog06_4 3 0.30 0.35 6.0 2700 2700 7000
driverlog07_7 3 346.69 346.75 69.0 2700 2700 7000
driverlog08_7 1 2699.75 2700.11 136.0 2700 2700 7000
driverlog09_8 1 2699.99 2700.11 209.0 2700 2700 7000
driverlog10_5 3 245.68 245.73 52.0 2700 2700 7000
driverlog10_7 1 2699.87 2700.10 198.0 2700 2700 7000
driverlog11_7 1 2699.96 2700.11 164.0 2700 2700 7000
driverlog11_8 1 2699.97 2700.11 261.0 2700 2700 7000
driverlog11_9 1 2699.93 2700.11 260.0 2700 2700 7000
driverlog12_7 1 2699.47 2700.11 210.0 2700 2700 7000
driverlog13_7 1 2699.46 2700.11 341.0 2700 2700 7000
dungeon_i25-m12-u3-v0.pddl_planlen=130 1 2699.52 2700.10 406.0 2700 2700 7000
dungeon_i25-m12-u3-v0.pddl_planlen=146 1 2699.93 2700.10 356.0 2700 2700 7000
dungeon_i25-m12-u3-v0.pddl_planlen=165 1 2699.36 2700.10 415.0 2700 2700 7000
dungeon_i25-m12-u3-v0.pddl_planlen=190 1 2699.95 2700.10 436.0 2700 2700 7000
dungeon_i25-m12-u3-v0.pddl_planlen=72 1 2699.90 2700.12 284.0 2700 2700 7000
dungeon_i25-m12-u5-v0.pddl_planlen=143 1 2699.53 2700.12 356.0 2700 2700 7000
dungeon_i25-m12-u5-v0.pddl_planlen=198 1 2699.95 2700.11 432.0 2700 2700 7000
dungeon_i25-m12-u5-v0.pddl_planlen=200 1 2699.92 2700.10 427.0 2700 2700 7000
dungeon_i25-m12-u5-v0.pddl_planlen=65 1 2699.24 2700.13 270.0 2700 2700 7000
dungeon_i25-m12-u5-v0.pddl_planlen=81 1 2699.83 2700.11 309.0 2700 2700 7000
dungeon_i25-m12-u5-v0.pddl_planlen=86 1 2699.55 2700.11 349.0 2700 2700 7000
dungeon_i25-m12-u5-v0.pddl_planlen=98 1 2699.66 2700.10 291.0 2700 2700 7000
eijkbs1512 1 2699.97 2700.11 169.0 2700 2700 7000
eijkbs3330 1 2692.64 2700.10 218.0 2700 2700 7000
eijkbs4863 1 2694.67 2700.12 303.0 2700 2700 7000
equalization32 3 0.00 0.20 5.0 2700 2700 7000
flipflop-3-c 3 0.00 0.08 0.0 2700 2700 7000
flipflop-4-c 3 0.00 0.17 4.0 2700 2700 7000
flipflop-5-c 3 0.01 0.12 0.0 2700 2700 7000
floor128 1 2699.93 2700.14 255.0 2700 2700 7000
floor256 1 2699.94 2700.13 467.0 2700 2700 7000
floor32 1 2699.97 2700.11 125.0 2700 2700 7000
hex_rand_6x6-20m-0 1 2699.95 2700.13 131.0 2700 2700 7000
hex_rand_6x6-20m-1 1 2699.95 2700.11 150.0 2700 2700 7000
hex_rand_6x6-20m-3 1 2699.99 2700.13 150.0 2700 2700 7000
hex_rand_6x6-20m-6 1 2699.94 2700.12 151.0 2700 2700 7000
hex_rand_6x6-20m-7 1 2699.81 2700.13 154.0 2700 2700 7000
hex_rand_6x6-20m-8 1 2699.63 2700.13 163.0 2700 2700 7000
intermediate128 1 2699.92 2700.13 269.0 2700 2700 7000
intermediate32 1 2699.81 2700.12 115.0 2700 2700 7000
kenflashp01 1 2699.57 2700.10 97.0 2700 2700 7000
kenflashp02 1 2698.46 2700.11 87.0 2700 2700 7000
kenflashp04 1 2699.63 2700.11 96.0 2700 2700 7000
kenflashp12 1 2699.94 2700.11 112.0 2700 2700 7000
kenoopp1 1 2699.96 2700.11 90.0 2700 2700 7000
lights3_021_1_022 1 2697.99 2700.11 315.0 2700 2700 7000
lights3_021_1_033 1 2699.92 2700.11 323.0 2700 2700 7000
lights3_035_1_021 3 28.27 28.37 120.0 2700 2700 7000
lights3_035_1_032 3 16.47 16.56 111.0 2700 2700 7000
lights3_035_1_059 1 2699.75 2700.11 445.0 2700 2700 7000
lognBWLARGEA1 3 0.01 0.30 5.0 2700 2700 7000
lognBWLARGEB1 3 0.20 0.29 15.0 2700 2700 7000
nreachq_nxquery_1344 3 44.41 44.45 80.0 2700 2700 7000
nreachq_query02_1344 1 2699.98 2700.13 893.0 2700 2700 7000
nreachq_query05_1344 1 2699.98 2700.11 699.0 2700 2700 7000
nreachq_query26_1344 1 2699.98 2700.12 973.0 2700 2700 7000
nreachq_query52_1344 1 2695.53 2700.12 1241.0 2700 2700 7000
pdtpmsgigamax 1 2700.00 2700.10 136.0 2700 2700 7000
pdtpmsmiim 1 2700.00 2700.14 191.0 2700 2700 7000
pdtpmsrotate32 1 2699.97 2700.13 147.0 2700 2700 7000
query10_axquery_1344 3 96.21 96.25 118.0 2700 2700 7000
query10_query05_1344 1 2699.98 2700.12 729.0 2700 2700 7000
query10_query07_1344 3 21.36 21.59 44.0 2700 2700 7000
query10_query36_1344 1 2699.98 2700.11 861.0 2700 2700 7000
query10_reachqu_1344 1 2699.79 2700.11 556.0 2700 2700 7000
reachqu_exquery_1344 3 41.49 41.69 80.0 2700 2700 7000
reachqu_nxquery_1344 3 2023.69 2023.72 451.0 2700 2700 7000
reachqu_query01_1344 1 2699.93 2700.14 954.0 2700 2700 7000
reachqu_query07_1344 3 174.70 174.78 110.0 2700 2700 7000
s00420_PR_1_20 3 0.00 0.03 0.0 2700 2700 7000
s01488_PR_1_10 3 0.00 0.05 0.0 2700 2700 7000
s1196_1_5 1 2699.97 2700.12 289.0 2700 2700 7000
s13207_1_107 3 223.60 223.71 107.0 2700 2700 7000
s3330_1_70 3 8.79 8.89 22.0 2700 2700 7000
s38417_PR_4_50 3 0.00 0.03 0.0 2700 2700 7000
s38584_3_238 1 2699.98 2700.12 248.0 2700 2700 7000
s38584_PR_8_50 3 0.00 0.04 0.0 2700 2700 7000
s5378_1_0 3 1047.57 1047.65 193.0 2700 2700 7000
sortnetsort10.v.stepl.004 1 2699.93 2700.13 183.0 2700 2700 7000
sortnetsort10.v.stepl.005 1 2699.97 2700.12 225.0 2700 2700 7000
sortnetsort10.v.stepl.006 1 2699.97 2700.13 198.0 2700 2700 7000
sortnetsort10.v.stepl.007 1 2699.92 2700.12 220.0 2700 2700 7000
sortnetsort10.v.stepl.008 1 2699.42 2700.12 199.0 2700 2700 7000
sortnetsort10.v.stepl.009 1 2699.46 2700.13 283.0 2700 2700 7000
sortnetsort10.v.stepl.010 1 2699.97 2700.12 277.0 2700 2700 7000
sortnetsort10.v.stepl.011 1 2699.51 2700.12 322.0 2700 2700 7000
sortnetsort10.v.stepl.012 1 2699.65 2700.12 305.0 2700 2700 7000
sortnetsort5.v.stepl.003 3 0.08 0.14 5.0 2700 2700 7000
sortnetsort5.v.stepl.004 3 3.30 3.35 11.0 2700 2700 7000
sortnetsort5.v.stepl.005 3 3.21 3.23 10.0 2700 2700 7000
sortnetsort5.v.stepl.006 3 0.41 0.46 7.0 2700 2700 7000
sortnetsort5.v.stepl.007 3 0.93 1.00 8.0 2700 2700 7000
sortnetsort6.v.stepl.003 3 0.20 0.38 6.0 2700 2700 7000
sortnetsort6.v.stepl.004 3 185.69 185.85 50.0 2700 2700 7000
sortnetsort6.v.stepl.005 3 94.48 94.57 36.0 2700 2700 7000
sortnetsort6.v.stepl.006 3 74.29 74.47 42.0 2700 2700 7000
sortnetsort6.v.stepl.007 3 129.98 130.03 56.0 2700 2700 7000
sortnetsort7.v.stepl.003 3 108.77 108.88 36.0 2700 2700 7000
sortnetsort7.v.stepl.004 1 2699.98 2700.12 133.0 2700 2700 7000
sortnetsort7.v.stepl.005 1 2699.94 2700.12 142.0 2700 2700 7000
sortnetsort7.v.stepl.006 1 2699.97 2700.13 165.0 2700 2700 7000
sortnetsort7.v.stepl.007 1 2699.86 2700.11 186.0 2700 2700 7000
sortnetsort7.v.stepl.008 1 2699.93 2700.11 161.0 2700 2700 7000
sortnetsort7.v.stepl.009 1 2699.96 2700.12 206.0 2700 2700 7000
sortnetsort8.v.stepl.003 3 45.60 45.68 35.0 2700 2700 7000
sortnetsort8.v.stepl.004 3 1819.13 1819.29 146.0 2700 2700 7000
sortnetsort8.v.stepl.005 1 2699.96 2700.11 137.0 2700 2700 7000
sortnetsort8.v.stepl.006 1 2699.97 2700.11 161.0 2700 2700 7000
sortnetsort8.v.stepl.007 1 2699.93 2700.13 213.0 2700 2700 7000
sortnetsort8.v.stepl.008 1 2699.96 2700.13 187.0 2700 2700 7000
sortnetsort8.v.stepl.009 1 2699.97 2700.12 185.0 2700 2700 7000
sortnetsort9.v.stepl.004 3 51.95 52.10 38.0 2700 2700 7000
sortnetsort9.v.stepl.005 1 2699.99 2700.11 321.0 2700 2700 7000
sortnetsort9.v.stepl.006 1 2699.98 2700.13 203.0 2700 2700 7000
sortnetsort9.v.stepl.007 1 2699.90 2700.11 211.0 2700 2700 7000
sortnetsort9.v.stepl.008 1 2699.98 2700.13 156.0 2700 2700 7000
sortnetsort9.v.stepl.009 1 2699.99 2700.10 249.0 2700 2700 7000
sortnetsort9.v.stepl.010 1 2699.99 2700.11 222.0 2700 2700 7000
sortnetsort9.v.stepl.011 1 2699.96 2700.11 257.0 2700 2700 7000
sortnetsort9.v.stepl.012 1 2699.97 2700.12 212.0 2700 2700 7000
stmt21_310_360 1 2699.96 2700.10 424.0 2700 2700 7000
stmt39_285_335 1 2699.94 2700.11 437.0 2700 2700 7000
szymanski-4-s 3 0.00 0.02 0.0 2700 2700 7000
term1.blif_0.10_0.20_0_0_inp_exact 3 9.28 9.41 26.0 2700 2700 7000
texas.ifetch1^1.E-d3 3 0.00 0.08 0.0 2700 2700 7000
texas.ifetch1^9.E-d3 3 0.00 0.08 0.0 2700 2700 7000
ttt_5x5-shape-0-GTTT-1-1-torus-0 1 2699.33 2700.12 176.0 2700 2700 7000
ttt_5x5-shape-0-GTTT-1-2-torus-1 3 0.00 0.04 0.0 2700 2700 7000
ttt_5x5-shape-0-GTTT-2-1-torus-0 1 2699.95 2700.13 186.0 2700 2700 7000
ttt_5x5-shape-0-GTTT-2-1-torus-1 1 2699.94 2700.13 171.0 2700 2700 7000
ttt_5x5-shape-0-GTTT-2-2-torus-0 3 0.00 0.07 0.0 2700 2700 7000
ttt_5x5-shape-0-GTTT-2-2-torus-1 3 0.00 0.06 0.0 2700 2700 7000
ttt_5x5-shape-1-GTTT-1-1-torus-0 1 2699.92 2700.12 200.0 2700 2700 7000
ttt_5x5-shape-1-GTTT-1-1-torus-1 1 2699.94 2700.12 194.0 2700 2700 7000
ttt_5x5-shape-1-GTTT-1-2-torus-0 1 2699.90 2700.12 283.0 2700 2700 7000
ttt_5x5-shape-1-GTTT-1-2-torus-1 1 2699.93 2700.12 185.0 2700 2700 7000
ttt_5x5-shape-1-GTTT-2-1-torus-0 1 2699.95 2700.11 197.0 2700 2700 7000
ttt_5x5-shape-1-GTTT-2-1-torus-1 1 2699.72 2700.13 206.0 2700 2700 7000
