 result time real space tlim rlim slim
2qbf-5cnf-100var-400cl.1 3 0.00 0.05 0.0 2700 2700 7000
2qbf-5cnf-150var-300cl.1 3 0.00 0.03 0.0 2700 2700 7000
2qbf-5cnf-150var-300cl.2 3 0.00 0.04 0.0 2700 2700 7000
2qbf-5cnf-150var-600cl.1 3 0.00 0.03 0.0 2700 2700 7000
2qbf-5cnf-150var-600cl.2 3 0.00 0.05 0.0 2700 2700 7000
2qbf-5cnf-50var-300cl.2 3 0.00 0.02 0.0 2700 2700 7000
3qbf-5cnf-100var-1200cl.1 3 0.00 0.03 0.0 2700 2700 7000
3qbf-5cnf-100var-1200cl.2 3 0.00 0.02 0.0 2700 2700 7000
3qbf-5cnf-100var-400cl.1 3 0.00 0.02 0.0 2700 2700 7000
3qbf-5cnf-100var-400cl.2 3 0.00 0.02 0.0 2700 2700 7000
3qbf-5cnf-150var-1200cl.1 3 0.00 0.02 0.0 2700 2700 7000
3qbf-5cnf-150var-1200cl.2 3 0.00 0.02 0.0 2700 2700 7000
3qbf-5cnf-150var-1500cl.1 3 0.00 0.02 0.0 2700 2700 7000
3qbf-5cnf-150var-1500cl.2 3 0.00 0.02 0.0 2700 2700 7000
4qbf-5cnf-100var-1000cl.2 3 0.00 0.03 0.0 2700 2700 7000
4qbf-5cnf-100var-1600cl.2 3 0.00 0.03 0.0 2700 2700 7000
4qbf-5cnf-100var-600cl.1 3 24.41 24.45 17.0 2700 2700 7000
4qbf-5cnf-100var-600cl.2 3 0.00 0.06 0.0 2700 2700 7000
4qbf-5cnf-100var-800cl.2 3 0.00 0.03 0.0 2700 2700 7000
4qbf-5cnf-150var-1500cl.1 3 0.00 0.02 0.0 2700 2700 7000
4qbf-5cnf-150var-1500cl.2 3 0.00 0.02 0.0 2700 2700 7000
4qbf-5cnf-150var-1800cl.2 3 0.00 0.03 0.0 2700 2700 7000
4qbf-5cnf-150var-600cl.1 3 0.00 0.03 0.0 2700 2700 7000
4qbf-5cnf-150var-600cl.2 3 0.00 0.05 0.0 2700 2700 7000
4qbf-5cnf-150var-900cl.2 3 0.00 0.05 0.0 2700 2700 7000
4qbf-5cnf-50var-200cl.1 3 0.00 0.02 0.0 2700 2700 7000
4qbf-5cnf-50var-200cl.2 3 0.00 0.08 0.0 2700 2700 7000
4qbf-5cnf-50var-300cl.1 3 0.00 0.04 0.0 2700 2700 7000
4qbf-5cnf-50var-500cl.1 3 0.00 0.02 0.0 2700 2700 7000
4qbf-5cnf-50var-500cl.2 3 0.00 0.05 0.0 2700 2700 7000
4qbf-5cnf-50var-700cl.1 3 0.00 0.06 0.0 2700 2700 7000
4qbf-5cnf-50var-900cl.2 3 0.00 0.04 0.0 2700 2700 7000
5qbf-5cnf-100var-1000cl.2 3 67.77 67.89 35.0 2700 2700 7000
5qbf-5cnf-100var-1400cl.1 3 0.00 0.05 0.0 2700 2700 7000
5qbf-5cnf-100var-1400cl.2 3 0.00 0.09 0.0 2700 2700 7000
5qbf-5cnf-100var-800cl.1 3 0.00 0.07 0.0 2700 2700 7000
5qbf-5cnf-100var-800cl.2 3 0.00 0.07 0.0 2700 2700 7000
5qbf-5cnf-150var-1800cl.1 3 0.00 0.05 0.0 2700 2700 7000
5qbf-5cnf-150var-1800cl.2 3 0.00 0.04 0.0 2700 2700 7000
5qbf-5cnf-150var-2100cl.1 3 0.00 0.05 0.0 2700 2700 7000
5qbf-5cnf-150var-2100cl.2 3 0.00 0.03 0.0 2700 2700 7000
5qbf-5cnf-150var-600cl.1 3 0.00 0.05 0.0 2700 2700 7000
5qbf-5cnf-150var-600cl.2 3 0.00 0.07 0.0 2700 2700 7000
5qbf-5cnf-50var-300cl.1 3 0.00 0.10 0.0 2700 2700 7000
5qbf-5cnf-50var-300cl.2 3 0.00 0.09 0.0 2700 2700 7000
5qbf-5cnf-50var-800cl.2 3 0.00 0.07 0.0 2700 2700 7000
BLOCKS3i.4.4 3 0.00 0.09 0.0 2700 2700 7000
BLOCKS3i.5.3 3 1.51 1.63 8.0 2700 2700 7000
BLOCKS3i.5.4 3 0.07 0.17 5.0 2700 2700 7000
BLOCKS3ii.4.3 3 0.01 0.12 0.0 2700 2700 7000
BLOCKS3ii.5.2 3 0.00 0.09 0.0 2700 2700 7000
BLOCKS3ii.5.3 3 0.15 0.22 5.0 2700 2700 7000
BLOCKS3iii.4 3 0.00 0.05 0.0 2700 2700 7000
BLOCKS3iii.5 3 0.06 0.14 5.0 2700 2700 7000
BLOCKS4i.6.4 3 0.00 0.10 0.0 2700 2700 7000
BLOCKS4ii.6.3 3 0.07 0.16 6.0 2700 2700 7000
BLOCKS4ii.7.2 1 2693.90 2700.10 174.0 2700 2700 7000
BLOCKS4iii.6 3 0.06 0.14 6.0 2700 2700 7000
BLOCKS4iii.7 1 2699.97 2700.11 155.0 2700 2700 7000
C432.blif_0.10_0.20_0_0_inp_exact 3 2282.75 2282.84 141.0 2700 2700 7000
C432.blif_0.10_0.20_0_1_inp_exact 3 3.40 3.58 12.0 2700 2700 7000
C499.blif_0.10_0.20_0_1_inp_exact 3 30.25 30.45 36.0 2700 2700 7000
C6288.blif_0.10_0.20_0_0_inp_exact 1 2699.27 2700.11 395.0 2700 2700 7000
C6288.blif_0.10_0.20_0_1_inp_exact 1 2699.00 2700.12 376.0 2700 2700 7000
C880.blif_0.10_0.20_0_0_inp_exact 1 2699.94 2700.10 174.0 2700 2700 7000
C880.blif_0.10_0.20_0_1_inp_exact 1 2698.58 2700.11 200.0 2700 2700 7000
Core1108_tbm_21.tex.module.000030 1 2699.87 2700.11 175.0 2700 2700 7000
TOILET10.1.iv.20 1 2699.96 2700.10 155.0 2700 2700 7000
TOILET16.1.iv.32 1 2700.01 2700.10 181.0 2700 2700 7000
TOILET2.1.iv.3 3 0.00 0.02 0.0 2700 2700 7000
TOILET6.1.iv.11 3 6.80 6.82 13.0 2700 2700 7000
TOILET6.1.iv.12 3 0.11 0.17 5.0 2700 2700 7000
TOILET7.1.iv.13 3 197.70 197.77 39.0 2700 2700 7000
TOILET7.1.iv.14 3 9.61 9.68 10.0 2700 2700 7000
W4-Umbrella_tbm_21.tex.moduleQ3.6S.000001 1 2699.99 2700.10 255.0 2700 2700 7000
W5-Umbrella_tbm_26.tex.moduleQ3.7S.000003 1 2699.93 2700.10 309.0 2700 2700 7000
arbiter-06-comp-error01-qbf-hardness-depth-15 1 2699.92 2700.10 568.0 2700 2700 7000
arbiter-09-comp-error01-qbf-hardness-depth-15 1 2695.47 2700.10 923.0 2700 2700 7000
b21_PR_8_20 1 2699.98 2700.11 695.0 2700 2700 7000
b21_PR_9_90 3 0.09 0.16 11.0 2700 2700 7000
b22_PR_9_90 1 2699.96 2700.10 1033.0 2700 2700 7000
bobsm5378d2 1 2699.25 2700.10 246.0 2700 2700 7000
bobsm9234 1 2699.91 2700.10 252.0 2700 2700 7000
bobsmhdlc 1 2699.93 2700.10 234.0 2700 2700 7000
bobsmhdlc1 1 2699.93 2700.10 176.0 2700 2700 7000
bobsmhdlc2 1 2699.94 2700.11 206.0 2700 2700 7000
bobsmhdlc3 1 2699.91 2700.11 208.0 2700 2700 7000
bobtuint31neg 1 2699.95 2700.10 234.0 2700 2700 7000
c1_Debug_s3_f2_e1_v1 1 2699.96 2700.15 1971.0 2700 2700 7000
c2_Debug_s3_f1_e1_v2 1 2699.72 2700.13 2071.0 2700 2700 7000
ceiling128 1 2699.86 2700.11 306.0 2700 2700 7000
ceiling256 1 2699.90 2700.12 452.0 2700 2700 7000
ceiling32 1 2699.93 2700.14 117.0 2700 2700 7000
comp.blif_0.10_0.20_0_0_inp_exact 3 0.04 0.12 0.0 2700 2700 7000
comp.blif_0.10_0.20_0_1_inp_exact 3 0.00 0.07 0.0 2700 2700 7000
decomposition128 1 2699.87 2700.12 191.0 2700 2700 7000
decomposition256 1 2699.89 2700.14 323.0 2700 2700 7000
decomposition32 1 2699.39 2700.12 103.0 2700 2700 7000
depots02_7 3 1181.16 1181.27 116.0 2700 2700 7000
depots04_7 1 2699.81 2700.11 271.0 2700 2700 7000
depots04_8 1 2699.74 2700.11 248.0 2700 2700 7000
depots07_7 1 2699.65 2700.10 160.0 2700 2700 7000
depots08_6 1 2699.82 2700.12 419.0 2700 2700 7000
depots08_7 1 2699.82 2700.13 395.0 2700 2700 7000
depots10_7 1 2698.17 2700.12 242.0 2700 2700 7000
depots16_7 1 2699.96 2700.13 554.0 2700 2700 7000
driverlog01_5 3 0.01 0.45 5.0 2700 2700 7000
driverlog01_6 3 0.03 0.22 4.0 2700 2700 7000
driverlog01_7 3 0.00 0.38 5.0 2700 2700 7000
driverlog03_6 3 1.26 1.58 7.0 2700 2700 7000
driverlog03_7 3 8.41 8.69 15.0 2700 2700 7000
driverlog03_8 3 56.71 56.98 34.0 2700 2700 7000
driverlog04_7 3 515.57 515.82 70.0 2700 2700 7000
driverlog04_8 1 2699.71 2700.14 125.0 2700 2700 7000
driverlog05_7 3 1093.52 1093.66 75.0 2700 2700 7000
driverlog05_8 1 2699.93 2700.10 140.0 2700 2700 7000
driverlog06_4 3 0.49 0.53 7.0 2700 2700 7000
driverlog07_7 3 437.45 437.58 67.0 2700 2700 7000
driverlog08_7 1 2699.97 2700.10 144.0 2700 2700 7000
driverlog09_8 1 2699.91 2700.10 231.0 2700 2700 7000
driverlog10_5 3 251.37 251.45 59.0 2700 2700 7000
driverlog10_7 1 2699.91 2700.10 172.0 2700 2700 7000
driverlog11_7 1 2699.85 2700.10 197.0 2700 2700 7000
driverlog11_8 1 2699.92 2700.10 246.0 2700 2700 7000
driverlog11_9 1 2699.95 2700.11 230.0 2700 2700 7000
driverlog12_7 1 2699.87 2700.14 219.0 2700 2700 7000
driverlog13_7 1 2699.91 2700.11 272.0 2700 2700 7000
dungeon_i25-m12-u3-v0.pddl_planlen=130 1 2699.34 2700.11 398.0 2700 2700 7000
dungeon_i25-m12-u3-v0.pddl_planlen=146 1 2699.62 2700.11 397.0 2700 2700 7000
dungeon_i25-m12-u3-v0.pddl_planlen=165 1 2699.75 2700.11 411.0 2700 2700 7000
dungeon_i25-m12-u3-v0.pddl_planlen=190 1 2699.03 2700.11 426.0 2700 2700 7000
dungeon_i25-m12-u3-v0.pddl_planlen=72 1 2692.68 2700.11 306.0 2700 2700 7000
dungeon_i25-m12-u5-v0.pddl_planlen=143 1 2699.87 2700.12 360.0 2700 2700 7000
dungeon_i25-m12-u5-v0.pddl_planlen=198 1 2699.88 2700.13 443.0 2700 2700 7000
dungeon_i25-m12-u5-v0.pddl_planlen=200 1 2699.74 2700.11 426.0 2700 2700 7000
dungeon_i25-m12-u5-v0.pddl_planlen=65 1 2699.63 2700.11 296.0 2700 2700 7000
dungeon_i25-m12-u5-v0.pddl_planlen=81 1 2699.84 2700.11 280.0 2700 2700 7000
dungeon_i25-m12-u5-v0.pddl_planlen=86 1 2699.89 2700.11 317.0 2700 2700 7000
dungeon_i25-m12-u5-v0.pddl_planlen=98 1 2699.98 2700.10 287.0 2700 2700 7000
eijkbs1512 1 2699.89 2700.12 161.0 2700 2700 7000
eijkbs3330 1 2699.08 2700.10 220.0 2700 2700 7000
eijkbs4863 1 2699.79 2700.14 285.0 2700 2700 7000
equalization32 1 2699.89 2700.12 144.0 2700 2700 7000
flipflop-3-c 3 0.01 0.25 4.0 2700 2700 7000
flipflop-4-c 3 0.00 0.37 5.0 2700 2700 7000
flipflop-5-c 3 0.02 0.12 0.0 2700 2700 7000
floor128 1 2699.91 2700.11 306.0 2700 2700 7000
floor256 1 2699.98 2700.10 512.0 2700 2700 7000
floor32 1 2699.86 2700.11 112.0 2700 2700 7000
hex_rand_6x6-20m-0 1 2699.82 2700.10 139.0 2700 2700 7000
hex_rand_6x6-20m-1 1 2699.95 2700.11 142.0 2700 2700 7000
hex_rand_6x6-20m-3 1 2699.60 2700.11 148.0 2700 2700 7000
hex_rand_6x6-20m-6 1 2699.98 2700.10 151.0 2700 2700 7000
hex_rand_6x6-20m-7 3 108.07 108.18 57.0 2700 2700 7000
hex_rand_6x6-20m-8 1 2697.89 2700.12 132.0 2700 2700 7000
intermediate128 1 2699.89 2700.11 335.0 2700 2700 7000
intermediate32 1 2699.95 2700.11 116.0 2700 2700 7000
kenflashp01 1 2699.88 2700.10 119.0 2700 2700 7000
kenflashp02 1 2699.99 2700.10 112.0 2700 2700 7000
kenflashp04 1 2699.91 2700.11 110.0 2700 2700 7000
kenflashp12 1 2699.96 2700.11 125.0 2700 2700 7000
kenoopp1 1 2699.91 2700.10 103.0 2700 2700 7000
lights3_021_1_022 1 2699.94 2700.10 306.0 2700 2700 7000
lights3_021_1_033 1 2699.78 2700.10 300.0 2700 2700 7000
lights3_035_1_021 1 2699.96 2700.11 510.0 2700 2700 7000
lights3_035_1_032 3 16.29 16.34 99.0 2700 2700 7000
lights3_035_1_059 1 2699.85 2700.11 452.0 2700 2700 7000
lognBWLARGEA1 3 0.09 0.14 8.0 2700 2700 7000
lognBWLARGEB1 3 0.49 0.56 16.0 2700 2700 7000
nreachq_nxquery_1344 3 44.59 44.64 80.0 2700 2700 7000
nreachq_query02_1344 1 2699.96 2700.10 730.0 2700 2700 7000
nreachq_query05_1344 1 2699.93 2700.11 628.0 2700 2700 7000
nreachq_query26_1344 1 2699.90 2700.10 1028.0 2700 2700 7000
nreachq_query52_1344 1 2699.95 2700.10 1223.0 2700 2700 7000
pdtpmsgigamax 1 2699.20 2700.11 147.0 2700 2700 7000
pdtpmsmiim 1 2699.92 2700.10 180.0 2700 2700 7000
pdtpmsrotate32 1 2699.96 2700.10 135.0 2700 2700 7000
query10_axquery_1344 3 129.49 129.59 109.0 2700 2700 7000
query10_query05_1344 1 2699.97 2700.10 748.0 2700 2700 7000
query10_query07_1344 3 22.50 22.57 44.0 2700 2700 7000
query10_query36_1344 1 2699.32 2700.10 919.0 2700 2700 7000
query10_reachqu_1344 1 2699.93 2700.10 549.0 2700 2700 7000
reachqu_exquery_1344 3 44.21 44.28 80.0 2700 2700 7000
reachqu_nxquery_1344 3 1443.87 1443.98 640.0 2700 2700 7000
reachqu_query01_1344 1 2699.96 2700.10 903.0 2700 2700 7000
reachqu_query07_1344 3 171.90 172.00 110.0 2700 2700 7000
s00420_PR_1_20 3 2.00 2.11 21.0 2700 2700 7000
s01488_PR_1_10 3 0.00 0.03 0.0 2700 2700 7000
s1196_1_5 1 2699.99 2700.10 289.0 2700 2700 7000
s13207_1_107 3 226.50 226.56 110.0 2700 2700 7000
s3330_1_70 3 9.30 9.32 27.0 2700 2700 7000
s38417_PR_4_50 1 2699.95 2700.10 514.0 2700 2700 7000
s38584_3_238 1 2699.97 2700.10 268.0 2700 2700 7000
s38584_PR_8_50 1 2699.96 2700.10 804.0 2700 2700 7000
s5378_1_0 3 1040.28 1040.34 186.0 2700 2700 7000
sortnetsort10.v.stepl.004 1 2699.95 2700.10 223.0 2700 2700 7000
sortnetsort10.v.stepl.005 1 2699.95 2700.11 184.0 2700 2700 7000
sortnetsort10.v.stepl.006 1 2699.95 2700.10 303.0 2700 2700 7000
sortnetsort10.v.stepl.007 1 2699.90 2700.11 188.0 2700 2700 7000
sortnetsort10.v.stepl.008 1 2699.98 2700.10 188.0 2700 2700 7000
sortnetsort10.v.stepl.009 1 2699.97 2700.11 186.0 2700 2700 7000
sortnetsort10.v.stepl.010 1 2699.87 2700.10 234.0 2700 2700 7000
sortnetsort10.v.stepl.011 1 2699.94 2700.10 356.0 2700 2700 7000
sortnetsort10.v.stepl.012 1 2699.98 2700.10 203.0 2700 2700 7000
sortnetsort5.v.stepl.003 3 0.30 0.33 6.0 2700 2700 7000
sortnetsort5.v.stepl.004 3 4.00 4.02 12.0 2700 2700 7000
sortnetsort5.v.stepl.005 3 7.60 7.62 13.0 2700 2700 7000
sortnetsort5.v.stepl.006 3 0.70 0.75 7.0 2700 2700 7000
sortnetsort5.v.stepl.007 3 0.31 0.38 6.0 2700 2700 7000
sortnetsort6.v.stepl.003 3 2.40 2.47 9.0 2700 2700 7000
sortnetsort6.v.stepl.004 3 125.20 125.29 37.0 2700 2700 7000
sortnetsort6.v.stepl.005 3 112.52 112.84 38.0 2700 2700 7000
sortnetsort6.v.stepl.006 3 51.81 51.86 32.0 2700 2700 7000
sortnetsort6.v.stepl.007 3 53.60 53.66 34.0 2700 2700 7000
sortnetsort7.v.stepl.003 3 16.20 16.27 16.0 2700 2700 7000
sortnetsort7.v.stepl.004 1 2699.99 2700.10 131.0 2700 2700 7000
sortnetsort7.v.stepl.005 1 2698.70 2700.10 149.0 2700 2700 7000
sortnetsort7.v.stepl.006 1 2699.98 2700.10 179.0 2700 2700 7000
sortnetsort7.v.stepl.007 1 2699.38 2700.11 182.0 2700 2700 7000
sortnetsort7.v.stepl.008 1 2699.94 2700.10 128.0 2700 2700 7000
sortnetsort7.v.stepl.009 1 2699.97 2700.11 157.0 2700 2700 7000
sortnetsort8.v.stepl.003 3 184.19 184.74 51.0 2700 2700 7000
sortnetsort8.v.stepl.004 1 2699.99 2700.10 167.0 2700 2700 7000
sortnetsort8.v.stepl.005 1 2699.98 2700.10 172.0 2700 2700 7000
sortnetsort8.v.stepl.006 1 2699.97 2700.10 159.0 2700 2700 7000
sortnetsort8.v.stepl.007 1 2699.98 2700.11 150.0 2700 2700 7000
sortnetsort8.v.stepl.008 1 2699.70 2700.10 207.0 2700 2700 7000
sortnetsort8.v.stepl.009 1 2700.00 2700.10 185.0 2700 2700 7000
sortnetsort9.v.stepl.004 1 2699.96 2700.10 187.0 2700 2700 7000
sortnetsort9.v.stepl.005 1 2699.98 2700.10 184.0 2700 2700 7000
sortnetsort9.v.stepl.006 1 2699.98 2700.10 205.0 2700 2700 7000
sortnetsort9.v.stepl.007 1 2699.96 2700.10 255.0 2700 2700 7000
sortnetsort9.v.stepl.008 1 2699.97 2700.10 200.0 2700 2700 7000
sortnetsort9.v.stepl.009 1 2699.98 2700.10 333.0 2700 2700 7000
sortnetsort9.v.stepl.010 1 2699.98 2700.10 324.0 2700 2700 7000
sortnetsort9.v.stepl.011 1 2699.99 2700.10 214.0 2700 2700 7000
sortnetsort9.v.stepl.012 1 2699.73 2700.10 163.0 2700 2700 7000
stmt21_310_360 1 2699.98 2700.10 447.0 2700 2700 7000
stmt39_285_335 1 2699.96 2700.10 437.0 2700 2700 7000
szymanski-4-s 3 0.00 0.02 0.0 2700 2700 7000
term1.blif_0.10_0.20_0_0_inp_exact 3 33.00 33.04 45.0 2700 2700 7000
texas.ifetch1^1.E-d3 3 0.00 0.02 0.0 2700 2700 7000
texas.ifetch1^9.E-d3 3 0.00 0.02 0.0 2700 2700 7000
ttt_5x5-shape-0-GTTT-1-1-torus-0 1 2699.33 2700.10 182.0 2700 2700 7000
ttt_5x5-shape-0-GTTT-1-2-torus-1 3 0.00 0.05 0.0 2700 2700 7000
ttt_5x5-shape-0-GTTT-2-1-torus-0 1 2699.96 2700.10 188.0 2700 2700 7000
ttt_5x5-shape-0-GTTT-2-1-torus-1 1 2699.97 2700.10 177.0 2700 2700 7000
ttt_5x5-shape-0-GTTT-2-2-torus-0 3 0.00 0.05 0.0 2700 2700 7000
ttt_5x5-shape-0-GTTT-2-2-torus-1 3 0.00 0.05 0.0 2700 2700 7000
ttt_5x5-shape-1-GTTT-1-1-torus-0 1 2699.94 2700.10 209.0 2700 2700 7000
ttt_5x5-shape-1-GTTT-1-1-torus-1 1 2699.94 2700.10 197.0 2700 2700 7000
ttt_5x5-shape-1-GTTT-1-2-torus-0 1 2697.31 2700.10 280.0 2700 2700 7000
ttt_5x5-shape-1-GTTT-1-2-torus-1 1 2699.99 2700.10 186.0 2700 2700 7000
ttt_5x5-shape-1-GTTT-2-1-torus-0 1 2700.00 2700.10 202.0 2700 2700 7000
ttt_5x5-shape-1-GTTT-2-1-torus-1 1 2700.00 2700.10 207.0 2700 2700 7000
