## E1-Autarky reduction
#Remaining clauses e_autarky reductions
0	1	2	3	4	5	6	7	8	9	10	11	12	13	14	15	16	17	18	19	20	21	22	23	24	25	26	27	28	29	30	31	32	33	34	35	36	37	38	39	40	41	42	43	44	45	46	47	48	49	50	51	52	53	54	55	56	57	58	59	60	61	62	63	64	65	66	67	68	69	70	71	72	73	74	75	76	77	78	79	80	81	82	83	84	85	86	87	88	89	90	91	92	93	94	95	96	97	98	99	100	101	102	103	104	105	106	107	108	109	110	111	112	113	114	115	116	117	118	119	120	121	122	123	124	125	126	127	128	129	130	131	132	133	134	135	136	137	138	139	140	141	142	143	144	145	146	147	148	149	150	151	152	153	154	155	156	157	158	159	160	161	162	163	164	165	166	167	168	169	170	171	172	173	174	175	176	177	178	179	180	181	182	183	184	185	186	187	188	189	190	191	192	193	194	195	196	197	198	199	200	201	202	203	204	205	206	207	208	209	210	211	212	213	214	215	216	217	218	219	220	221	222	223	224	225	226	227	228	229	230	231	232	233	234	235	236	237	238	239	240	241	242	243	244	245	246	247	248	249	250	251	252	253	254	255	256	257	258	259	260	261	262	263	264	265	266	267	268	269	270	271	272	273	274	275	276	277	278	279	280	281	282	283	284	285	286	287	288	289	290	291	292	293	294	295	296	297	298	299	300	301	302	303	304	305	306	307	308	309	310	311	312	313	314	315	316	317	318	319	320	321	322	323	324	325	326	327	328	329	330	331	332	333	334	335	336	337	338	339	340	341	342	343	344	345	346	347	348	349	350	351	352	353	354	355	356	357	358	359	360	361	362	363	364	365	366	367	368	369	370	371	372	373	374	375	376	377	378	379	380	381	382	383	384	385	386	387	388	389	390	391	392	393	394	395	396	397	398	399	400	401	402	403	404	405	406	407	408	409	410	411	412	413	414	415	416	417	418	419	420	421	422	423	424	425	426	427	428	429	430	431	432	433	434	435	436	437	438	439	440	441	442	443	444	445	446	447	448	449	450	451	452	453	454	455	456	457	458	459	460	461	462	463	464	465	466	467	468	469	470	471	472	473	474	475	476	477	478	479	480	481	482	483	484	485	486	487	488	489	490	491	492	493	494	495	496	497	498	499	500	501	502	503	504	505	506	507	508	509	510	511	512	513	514	515	516	517	518	519	520	521	522	523	524	525	526	527	528	529	530	531	532	533	534	535	536	537	538	539	540	541	542	543	544	545	546	547	548	549	550	551	552	553	554	555	556	557	558	559	560	561	562	563	564	565	566	567	568	569	570	571	572	573	574	575	576	577	578	579	580	581	582	583	584	585	586	587	588	589	590	591	592	593	594	595	596	597	598	599	600	601	602	603	604	605	606	607	608	609	610	611	612	613	614	615	616	617	618	619	620	621	622	623	624	625	626	627	628	629	630	631	632	633	634	635	636	637	638	639	640	641	642	643	644	645	646	647	648	649	650	651	652	653	654	655	656	657	658	659	660	661	662	663	664	665	666	667	668	669	670	671	672	673	674	675	676	677	678	679	680	681	682	683	684	685	686	687	688	689	690	691	692	693	694	695	696	697	698	699	700	701	702	703	704	705	706	707	708	709	710	711	712	713	714	715	716	717	718	719	720	721	722	723	724	725	726	727	728	729	730	731	

## A1-Autarky reduction
#The remaining clauses after a_autarky reductions
0	1	2	537	538	539	540	548	549	550	551	559	560	561	562	570	571	572	573	581	582	583	584	592	593	594	595	603	604	605	606	614	615	616	617	625	626	627	628	636	637	638	639	647	648	649	650	658	659	660	661	669	670	671	672	680	681	682	683	691	692	693	694	702	703	704	705	

## E1-Autarky reduction
Satisfying.

# The satisfying assignment is
5 250 
6 -1 
7 251 
8 251 
9 3 
10 -3 
11 250 
12 250 
13 250 
14 -2 
15 251 
16 251 
17 251 
18 250 
19 250 
20 2 
21 251 
22 -3 
23 -2 
24 251 
25 251 
26 251 
27 251 
28 251 
29 251 
30 251 
31 251 
32 251 
33 251 
34 250 
35 -2 
36 251 
37 250 
38 250 
39 251 
40 251 
41 251 
42 251 
43 -3 
44 -2 
45 251 
46 251 
47 251 
48 251 
49 251 
50 251 
51 251 
52 251 
53 251 
54 250 
55 -2 
56 251 
57 251 
58 251 
59 250 
60 250 
61 2 
62 251 
63 251 
64 251 
65 -2 
66 251 
67 251 
68 251 
69 250 
70 -2 
71 251 
72 251 
73 -2 
74 251 
75 251 
76 251 
77 251 
78 251 
79 251 
80 250 
81 -2 
82 251 
83 250 
84 250 
85 2 
86 251 
87 -3 
88 -2 
89 251 
90 251 
91 251 
92 251 
93 251 
94 251 
95 251 
96 -3 
97 -2 
98 251 
99 251 
100 251 
101 251 
102 251 
103 251 
104 251 
105 250 
106 -2 
107 250 
108 250 
109 2 
110 251 
111 250 
112 -2 
113 250 
114 250 
115 2 
116 251 
117 251 
118 251 
119 251 
120 250 
121 -2 
122 251 
123 251 
124 -2 
125 251 
126 251 
127 251 
128 251 
129 251 
130 -3 
131 -2 
132 251 
133 251 
134 -2 
135 251 
136 251 
137 251 
138 251 
139 251 
140 -3 
141 -2 
142 251 
143 251 
144 251 
145 251 
146 251 
147 250 
148 -2 
149 250 
150 250 
151 2 
152 251 
153 250 
154 -2 
155 250 
156 250 
157 2 
158 251 
159 251 
160 251 
161 -2 
162 251 
163 -3 
164 -2 
165 251 
166 251 
167 250 
168 3 
169 -2 
170 251 
171 251 
172 -3 
173 -2 
174 251 
175 251 
176 -2 
177 251 
178 251 
179 251 
180 251 
181 250 
182 3 
183 -2 
184 251 
185 251 
186 250 
187 250 
188 250 
189 -2 
190 251 
191 251 
192 -3 
193 -2 
194 251 
195 251 
196 251 
197 251 
198 251 
199 251 
201 251 
202 251 
204 251 
205 251 
207 251 
208 251 
210 251 
211 251 
213 251 
214 251 
216 251 
217 251 
219 251 
220 251 
222 251 
223 251 
225 251 
226 251 
228 251 
229 251 
231 251 
232 251 
234 251 
235 251 
237 251 
238 251 
240 251 
241 251 
243 251 
244 251 
246 251 
247 251 
248 251 
4 -1 -2 
200 -1 -2 
203 -2 -1 
206 -1 -2 
209 -2 -1 
212 -2 -1 
215 -1 -2 
218 -1 -2 
221 -2 -1 
224 -1 -2 
227 -2 -1 
230 -2 -1 
233 -2 -1 
236 -2 -1 
239 -1 -2 
242 -2 -1 
245 -1 -2 
