# Total remaining e variables are: 
17

#Remaining evars: 
4 200 203 206 209 212 215 218 221 224 227 230 233 236 239 242 245 

#Total remaining clauses are: 
67

#The remaining clauses:
0	1	2	537	538	539	540	548	549	550	551	559	560	561	562	570	571	572	573	581	582	583	584	592	593	594	595	603	604	605	606	614	615	616	617	625	626	627	628	636	637	638	639	647	648	649	650	658	659	660	661	669	670	671	672	680	681	682	683	691	692	693	694	702	703	704	705	

#Autarky: 
5 250 
6 -1 
7 251 
8 251 
9 3 
10 -3 
11 250 
12 250 
13 250 
14 -2 
15 251 
16 251 
17 251 
18 250 
19 250 
20 2 
21 251 
22 -3 
23 -2 
24 251 
25 251 
26 251 
27 251 
28 251 
29 251 
30 251 
31 251 
32 251 
33 251 
34 250 
35 -2 
36 251 
37 250 
38 250 
39 251 
40 251 
41 251 
42 251 
43 -3 
44 -2 
45 251 
46 251 
47 251 
48 251 
49 251 
50 251 
51 251 
52 251 
53 251 
54 250 
55 -2 
56 251 
57 251 
58 251 
59 250 
60 250 
61 2 
62 251 
63 251 
64 251 
65 -2 
66 251 
67 251 
68 251 
69 250 
70 -2 
71 251 
72 251 
73 -2 
74 251 
75 251 
76 251 
77 251 
78 251 
79 251 
80 250 
81 -2 
82 251 
83 250 
84 250 
85 2 
86 251 
87 -3 
88 -2 
89 251 
90 251 
91 251 
92 251 
93 251 
94 251 
95 251 
96 -3 
97 -2 
98 251 
99 251 
100 251 
101 251 
102 251 
103 251 
104 251 
105 250 
106 -2 
107 250 
108 250 
109 2 
110 251 
111 250 
112 -2 
113 250 
114 250 
115 2 
116 251 
117 251 
118 251 
119 251 
120 250 
121 -2 
122 251 
123 251 
124 -2 
125 251 
126 251 
127 251 
128 251 
129 251 
130 -3 
131 -2 
132 251 
133 251 
134 -2 
135 251 
136 251 
137 251 
138 251 
139 251 
140 -3 
141 -2 
142 251 
143 251 
144 251 
145 251 
146 251 
147 250 
148 -2 
149 250 
150 250 
151 2 
152 251 
153 250 
154 -2 
155 250 
156 250 
157 2 
158 251 
159 251 
160 251 
161 -2 
162 251 
163 -3 
164 -2 
165 251 
166 251 
167 250 
168 3 
169 -2 
170 251 
171 251 
172 -3 
173 -2 
174 251 
175 251 
176 -2 
177 251 
178 251 
179 251 
180 251 
181 250 
182 3 
183 -2 
184 251 
185 251 
186 250 
187 250 
188 250 
189 -2 
190 251 
191 251 
192 -3 
193 -2 
194 251 
195 251 
196 251 
197 251 
198 251 
199 251 
201 251 
202 251 
204 251 
205 251 
207 251 
208 251 
210 251 
211 251 
213 251 
214 251 
216 251 
217 251 
219 251 
220 251 
222 251 
223 251 
225 251 
226 251 
228 251 
229 251 
231 251 
232 251 
234 251 
235 251 
237 251 
238 251 
240 251 
241 251 
243 251 
244 251 
246 251 
247 251 
248 251 


