 result time real space tlim rlim slim
2qbf-5cnf-100var-400cl.1 1 2700.00 2700.10 410.0 2700 2700 7000
2qbf-5cnf-150var-300cl.1 1 2699.32 2700.10 371.0 2700 2700 7000
2qbf-5cnf-150var-300cl.2 1 2700.00 2700.10 522.0 2700 2700 7000
2qbf-5cnf-150var-600cl.1 1 2699.84 2700.11 435.0 2700 2700 7000
2qbf-5cnf-150var-600cl.2 1 2700.01 2700.10 499.0 2700 2700 7000
2qbf-5cnf-50var-300cl.2 1 2699.85 2700.11 588.0 2700 2700 7000
3qbf-5cnf-100var-1200cl.1 3 0.00 0.02 0.0 2700 2700 7000
3qbf-5cnf-100var-1200cl.2 3 0.00 0.01 0.0 2700 2700 7000
3qbf-5cnf-100var-400cl.1 3 0.01 0.12 0.0 2700 2700 7000
3qbf-5cnf-100var-400cl.2 3 0.00 0.02 0.0 2700 2700 7000
3qbf-5cnf-150var-1200cl.1 3 0.00 0.06 0.0 2700 2700 7000
3qbf-5cnf-150var-1200cl.2 3 0.00 0.07 0.0 2700 2700 7000
3qbf-5cnf-150var-1500cl.1 3 0.00 0.11 0.0 2700 2700 7000
3qbf-5cnf-150var-1500cl.2 3 0.00 0.14 4.0 2700 2700 7000
4qbf-5cnf-100var-1000cl.2 1 2699.98 2700.11 704.0 2700 2700 7000
4qbf-5cnf-100var-1600cl.2 3 0.00 0.04 0.0 2700 2700 7000
4qbf-5cnf-100var-600cl.1 1 2699.97 2700.11 567.0 2700 2700 7000
4qbf-5cnf-100var-600cl.2 1 2699.96 2700.10 549.0 2700 2700 7000
4qbf-5cnf-100var-800cl.2 1 2699.86 2700.11 470.0 2700 2700 7000
4qbf-5cnf-150var-1500cl.1 3 0.00 0.04 0.0 2700 2700 7000
4qbf-5cnf-150var-1500cl.2 3 0.00 0.04 0.0 2700 2700 7000
4qbf-5cnf-150var-1800cl.2 1 2700.01 2700.11 419.0 2700 2700 7000
4qbf-5cnf-150var-600cl.1 1 2700.00 2700.11 542.0 2700 2700 7000
4qbf-5cnf-150var-600cl.2 1 2699.99 2700.10 511.0 2700 2700 7000
4qbf-5cnf-150var-900cl.2 1 2700.00 2700.10 329.0 2700 2700 7000
4qbf-5cnf-50var-200cl.1 1 2699.82 2700.10 689.0 2700 2700 7000
4qbf-5cnf-50var-200cl.2 1 2699.93 2700.10 522.0 2700 2700 7000
4qbf-5cnf-50var-300cl.1 1 2699.87 2700.10 523.0 2700 2700 7000
4qbf-5cnf-50var-500cl.1 3 0.00 0.07 0.0 2700 2700 7000
4qbf-5cnf-50var-500cl.2 3 0.00 0.02 0.0 2700 2700 7000
4qbf-5cnf-50var-700cl.1 3 0.01 0.34 5.0 2700 2700 7000
4qbf-5cnf-50var-900cl.2 3 0.00 0.10 0.0 2700 2700 7000
5qbf-5cnf-100var-1000cl.2 1 2699.69 2700.10 471.0 2700 2700 7000
5qbf-5cnf-100var-1400cl.1 3 0.00 0.08 0.0 2700 2700 7000
5qbf-5cnf-100var-1400cl.2 3 0.00 0.45 4.0 2700 2700 7000
5qbf-5cnf-100var-800cl.1 3 0.00 0.45 4.0 2700 2700 7000
5qbf-5cnf-100var-800cl.2 3 0.00 0.19 0.0 2700 2700 7000
5qbf-5cnf-150var-1800cl.1 3 0.00 0.19 0.0 2700 2700 7000
5qbf-5cnf-150var-1800cl.2 3 0.00 0.04 0.0 2700 2700 7000
5qbf-5cnf-150var-2100cl.1 3 0.00 0.19 0.0 2700 2700 7000
5qbf-5cnf-150var-2100cl.2 3 0.00 0.18 0.0 2700 2700 7000
5qbf-5cnf-150var-600cl.1 3 0.00 0.01 0.0 2700 2700 7000
5qbf-5cnf-150var-600cl.2 3 0.00 0.09 0.0 2700 2700 7000
5qbf-5cnf-50var-300cl.1 3 0.00 0.23 4.0 2700 2700 7000
5qbf-5cnf-50var-300cl.2 1 2695.85 2700.11 639.0 2700 2700 7000
5qbf-5cnf-50var-800cl.2 3 0.00 0.23 4.0 2700 2700 7000
BLOCKS3i.4.4 3 0.00 0.07 0.0 2700 2700 7000
BLOCKS3i.5.3 3 142.80 143.15 172.0 2700 2700 7000
BLOCKS3i.5.4 1 2699.99 2700.10 624.0 2700 2700 7000
BLOCKS3ii.4.3 3 0.01 0.35 4.0 2700 2700 7000
BLOCKS3ii.5.2 3 0.01 0.37 4.0 2700 2700 7000
BLOCKS3ii.5.3 3 3.71 3.78 33.0 2700 2700 7000
BLOCKS3iii.4 3 0.00 0.34 5.0 2700 2700 7000
BLOCKS3iii.5 3 5.23 5.79 40.0 2700 2700 7000
BLOCKS4i.6.4 3 0.24 0.77 8.0 2700 2700 7000
BLOCKS4ii.6.3 3 0.62 1.16 8.0 2700 2700 7000
BLOCKS4ii.7.2 3 0.57 1.09 7.0 2700 2700 7000
BLOCKS4iii.6 3 0.20 0.90 6.0 2700 2700 7000
BLOCKS4iii.7 1 2699.35 2700.11 558.0 2700 2700 7000
C432.blif_0.10_0.20_0_0_inp_exact 1 2699.67 2700.12 558.0 2700 2700 7000
C432.blif_0.10_0.20_0_1_inp_exact 1 2699.66 2700.10 550.0 2700 2700 7000
C499.blif_0.10_0.20_0_1_inp_exact 3 29.10 30.07 64.0 2700 2700 7000
C6288.blif_0.10_0.20_0_0_inp_exact 1 2699.16 2700.10 461.0 2700 2700 7000
C6288.blif_0.10_0.20_0_1_inp_exact 1 2699.17 2700.10 475.0 2700 2700 7000
C880.blif_0.10_0.20_0_0_inp_exact 1 2699.29 2700.10 535.0 2700 2700 7000
C880.blif_0.10_0.20_0_1_inp_exact 1 2699.29 2700.10 661.0 2700 2700 7000
Core1108_tbm_21.tex.module.000030 1 2699.46 2700.11 1095.0 2700 2700 7000
TOILET10.1.iv.20 1 2699.94 2700.10 521.0 2700 2700 7000
TOILET16.1.iv.32 1 2699.94 2700.10 578.0 2700 2700 7000
TOILET2.1.iv.3 3 0.00 0.09 0.0 2700 2700 7000
TOILET6.1.iv.11 3 189.78 189.84 190.0 2700 2700 7000
TOILET6.1.iv.12 3 1840.10 1840.15 394.0 2700 2700 7000
TOILET7.1.iv.13 3 2558.88 2558.95 548.0 2700 2700 7000
TOILET7.1.iv.14 1 2699.98 2700.10 360.0 2700 2700 7000
W4-Umbrella_tbm_21.tex.moduleQ3.6S.000001 1 2695.37 2700.10 934.0 2700 2700 7000
W5-Umbrella_tbm_26.tex.moduleQ3.7S.000003 1 2699.97 2700.10 214.0 2700 2700 7000
arbiter-06-comp-error01-qbf-hardness-depth-15 1 2697.67 2700.10 597.0 2700 2700 7000
arbiter-09-comp-error01-qbf-hardness-depth-15 1 2699.92 2700.11 612.0 2700 2700 7000
b21_PR_8_20 1 2699.95 2700.11 780.0 2700 2700 7000
b21_PR_9_90 3 1.38 1.53 24.0 2700 2700 7000
b22_PR_9_90 1 2699.73 2700.11 1024.0 2700 2700 7000
bobsm5378d2 1 2699.35 2700.11 975.0 2700 2700 7000
bobsm9234 1 2699.37 2700.11 581.0 2700 2700 7000
bobsmhdlc 1 2699.94 2700.10 1077.0 2700 2700 7000
bobsmhdlc1 1 2699.64 2700.11 864.0 2700 2700 7000
bobsmhdlc2 1 2699.88 2700.10 1031.0 2700 2700 7000
bobsmhdlc3 1 2695.98 2700.11 1089.0 2700 2700 7000
bobtuint31neg 3 0.60 0.96 27.0 2700 2700 7000
c1_Debug_s3_f2_e1_v1 1 2699.83 2700.11 1750.0 2700 2700 7000
c2_Debug_s3_f1_e1_v2 1 2699.40 2700.12 196.0 2700 2700 7000
ceiling128 3 140.89 140.97 163.0 2700 2700 7000
ceiling256 1 2699.29 2700.10 227.0 2700 2700 7000
ceiling32 3 0.72 0.89 24.0 2700 2700 7000
comp.blif_0.10_0.20_0_0_inp_exact 3 0.00 0.11 0.0 2700 2700 7000
comp.blif_0.10_0.20_0_1_inp_exact 3 0.06 0.14 0.0 2700 2700 7000
decomposition128 3 0.01 0.52 0.0 2700 2700 7000
decomposition256 3 0.14 0.28 7.0 2700 2700 7000
decomposition32 3 0.00 0.52 0.0 2700 2700 7000
depots02_7 1 2699.55 2700.10 275.0 2700 2700 7000
depots04_7 1 2699.55 2700.10 780.0 2700 2700 7000
depots04_8 1 2699.81 2700.11 773.0 2700 2700 7000
depots07_7 1 2699.53 2700.11 611.0 2700 2700 7000
depots08_6 1 2699.39 2700.13 809.0 2700 2700 7000
depots08_7 1 2699.42 2700.12 812.0 2700 2700 7000
depots10_7 1 2699.85 2700.10 1178.0 2700 2700 7000
depots16_7 1 2699.69 2700.10 1093.0 2700 2700 7000
driverlog01_5 1 2698.34 2700.10 318.0 2700 2700 7000
driverlog01_6 1 2699.52 2700.10 493.0 2700 2700 7000
driverlog01_7 1 2699.98 2700.10 375.0 2700 2700 7000
driverlog03_6 1 2699.53 2700.11 477.0 2700 2700 7000
driverlog03_7 1 2699.92 2700.10 496.0 2700 2700 7000
driverlog03_8 1 2699.52 2700.10 398.0 2700 2700 7000
driverlog04_7 1 2699.13 2700.10 393.0 2700 2700 7000
driverlog04_8 1 2699.14 2700.10 492.0 2700 2700 7000
driverlog05_7 1 2698.83 2700.12 428.0 2700 2700 7000
driverlog05_8 1 2698.86 2700.14 441.0 2700 2700 7000
driverlog06_4 1 2699.08 2700.11 505.0 2700 2700 7000
driverlog07_7 1 2699.11 2700.11 309.0 2700 2700 7000
driverlog08_7 1 2695.27 2700.11 409.0 2700 2700 7000
driverlog09_8 1 2699.24 2700.10 336.0 2700 2700 7000
driverlog10_5 1 2699.51 2700.11 509.0 2700 2700 7000
driverlog10_7 1 2699.38 2700.11 488.0 2700 2700 7000
driverlog11_7 1 2699.49 2700.10 365.0 2700 2700 7000
driverlog11_8 1 2698.12 2700.10 468.0 2700 2700 7000
driverlog11_9 1 2694.82 2700.10 591.0 2700 2700 7000
driverlog12_7 1 2698.48 2700.11 725.0 2700 2700 7000
driverlog13_7 1 2698.49 2700.10 613.0 2700 2700 7000
dungeon_i25-m12-u3-v0.pddl_planlen=130 3 12.04 13.16 315.0 2700 2700 7000
dungeon_i25-m12-u3-v0.pddl_planlen=146 3 13.40 14.90 365.0 2700 2700 7000
dungeon_i25-m12-u3-v0.pddl_planlen=165 3 14.74 15.76 428.0 2700 2700 7000
dungeon_i25-m12-u3-v0.pddl_planlen=190 3 15.41 16.56 519.0 2700 2700 7000
dungeon_i25-m12-u3-v0.pddl_planlen=72 3 8.07 8.76 174.0 2700 2700 7000
dungeon_i25-m12-u5-v0.pddl_planlen=143 1 2698.50 2700.13 1320.0 2700 2700 7000
dungeon_i25-m12-u5-v0.pddl_planlen=198 1 2698.70 2700.15 1718.0 2700 2700 7000
dungeon_i25-m12-u5-v0.pddl_planlen=200 1 2698.75 2700.15 1729.0 2700 2700 7000
dungeon_i25-m12-u5-v0.pddl_planlen=65 1 2698.43 2700.13 1424.0 2700 2700 7000
dungeon_i25-m12-u5-v0.pddl_planlen=81 1 2699.98 2700.10 932.0 2700 2700 7000
dungeon_i25-m12-u5-v0.pddl_planlen=86 1 2697.98 2700.11 953.0 2700 2700 7000
dungeon_i25-m12-u5-v0.pddl_planlen=98 1 2699.97 2700.10 1043.0 2700 2700 7000
eijkbs1512 1 2697.93 2700.11 964.0 2700 2700 7000
eijkbs3330 1 2699.83 2700.12 999.0 2700 2700 7000
eijkbs4863 1 2698.11 2700.12 1384.0 2700 2700 7000
equalization32 3 0.00 1.59 0.0 2700 2700 7000
flipflop-3-c 3 0.00 1.99 4.0 2700 2700 7000
flipflop-4-c 3 0.01 1.01 4.0 2700 2700 7000
flipflop-5-c 3 0.01 0.27 6.0 2700 2700 7000
floor128 3 1.09 1.16 32.0 2700 2700 7000
floor256 3 5.43 6.04 76.0 2700 2700 7000
floor32 3 0.12 1.16 18.0 2700 2700 7000
hex_rand_6x6-20m-0 1 2699.00 2700.11 707.0 2700 2700 7000
hex_rand_6x6-20m-1 1 2696.86 2700.13 563.0 2700 2700 7000
hex_rand_6x6-20m-3 1 2699.91 2700.11 756.0 2700 2700 7000
hex_rand_6x6-20m-6 1 2699.88 2700.10 813.0 2700 2700 7000
hex_rand_6x6-20m-7 1 2699.94 2700.11 662.0 2700 2700 7000
hex_rand_6x6-20m-8 1 2699.93 2700.10 717.0 2700 2700 7000
intermediate128 1 2699.88 2700.10 593.0 2700 2700 7000
intermediate32 1 2699.91 2700.10 582.0 2700 2700 7000
kenflashp01 3 0.04 0.18 0.0 2700 2700 7000
kenflashp02 3 0.05 0.26 18.0 2700 2700 7000
kenflashp04 3 0.00 0.18 4.0 2700 2700 7000
kenflashp12 3 0.07 0.18 0.0 2700 2700 7000
kenoopp1 3 0.01 0.37 0.0 2700 2700 7000
lights3_021_1_022 3 0.79 0.88 34.0 2700 2700 7000
lights3_021_1_033 3 0.69 0.72 34.0 2700 2700 7000
lights3_035_1_021 3 0.05 0.82 5.0 2700 2700 7000
lights3_035_1_032 3 0.02 0.15 7.0 2700 2700 7000
lights3_035_1_059 3 2.43 2.57 42.0 2700 2700 7000
lognBWLARGEA1 3 0.37 0.61 21.0 2700 2700 7000
lognBWLARGEB1 3 1.51 1.70 52.0 2700 2700 7000
nreachq_nxquery_1344 1 2699.90 2700.11 947.0 2700 2700 7000
nreachq_query02_1344 1 2699.26 2700.11 989.0 2700 2700 7000
nreachq_query05_1344 1 2699.75 2700.11 1084.0 2700 2700 7000
nreachq_query26_1344 1 2699.74 2700.11 1213.0 2700 2700 7000
nreachq_query52_1344 1 2699.87 2700.10 185.0 2700 2700 7000
pdtpmsgigamax 1 2699.91 2700.11 528.0 2700 2700 7000
pdtpmsmiim 3 0.41 0.54 21.0 2700 2700 7000
pdtpmsrotate32 3 0.12 0.27 0.0 2700 2700 7000
query10_axquery_1344 3 0.11 0.17 7.0 2700 2700 7000
query10_query05_1344 1 2699.90 2700.10 819.0 2700 2700 7000
query10_query07_1344 1 2699.96 2700.10 1108.0 2700 2700 7000
query10_query36_1344 1 2699.54 2700.12 219.0 2700 2700 7000
query10_reachqu_1344 1 2699.98 2700.12 228.0 2700 2700 7000
reachqu_exquery_1344 1 2699.93 2700.11 946.0 2700 2700 7000
reachqu_nxquery_1344 1 2699.97 2700.11 726.0 2700 2700 7000
reachqu_query01_1344 1 2699.51 2700.12 993.0 2700 2700 7000
reachqu_query07_1344 1 2699.99 2700.13 1003.0 2700 2700 7000
s00420_PR_1_20 3 0.00 0.05 0.0 2700 2700 7000
s01488_PR_1_10 3 0.00 0.01 0.0 2700 2700 7000
s1196_1_5 1 2699.99 2700.10 354.0 2700 2700 7000
s13207_1_107 1 2699.92 2700.11 207.0 2700 2700 7000
s3330_1_70 1 2699.98 2700.10 403.0 2700 2700 7000
s38417_PR_4_50 3 0.00 0.02 0.0 2700 2700 7000
s38584_3_238 1 2699.99 2700.10 599.0 2700 2700 7000
s38584_PR_8_50 3 0.00 0.01 0.0 2700 2700 7000
s5378_1_0 1 2699.98 2700.10 441.0 2700 2700 7000
sortnetsort10.v.stepl.004 1 2699.94 2700.10 915.0 2700 2700 7000
sortnetsort10.v.stepl.005 1 2699.89 2700.11 1002.0 2700 2700 7000
sortnetsort10.v.stepl.006 1 2700.00 2700.10 1092.0 2700 2700 7000
sortnetsort10.v.stepl.007 1 2699.99 2700.13 931.0 2700 2700 7000
sortnetsort10.v.stepl.008 1 2699.98 2700.11 784.0 2700 2700 7000
sortnetsort10.v.stepl.009 1 2699.41 2700.12 1048.0 2700 2700 7000
sortnetsort10.v.stepl.010 1 2699.93 2700.10 1016.0 2700 2700 7000
sortnetsort10.v.stepl.011 1 2700.01 2700.10 994.0 2700 2700 7000
sortnetsort10.v.stepl.012 1 2699.48 2700.11 908.0 2700 2700 7000
sortnetsort5.v.stepl.003 3 0.80 0.84 29.0 2700 2700 7000
sortnetsort5.v.stepl.004 3 3.50 3.52 48.0 2700 2700 7000
sortnetsort5.v.stepl.005 3 2.21 2.28 33.0 2700 2700 7000
sortnetsort5.v.stepl.006 3 3.50 3.52 35.0 2700 2700 7000
sortnetsort5.v.stepl.007 3 6.90 6.99 54.0 2700 2700 7000
sortnetsort6.v.stepl.003 3 19.88 19.96 92.0 2700 2700 7000
sortnetsort6.v.stepl.004 3 115.00 115.07 230.0 2700 2700 7000
sortnetsort6.v.stepl.005 1 2699.99 2700.10 1000.0 2700 2700 7000
sortnetsort6.v.stepl.006 1 2699.85 2700.10 905.0 2700 2700 7000
sortnetsort6.v.stepl.007 1 2699.94 2700.10 595.0 2700 2700 7000
sortnetsort7.v.stepl.003 3 905.80 905.82 338.0 2700 2700 7000
sortnetsort7.v.stepl.004 1 2699.97 2700.10 722.0 2700 2700 7000
sortnetsort7.v.stepl.005 1 2699.87 2700.11 716.0 2700 2700 7000
sortnetsort7.v.stepl.006 1 2699.98 2700.10 869.0 2700 2700 7000
sortnetsort7.v.stepl.007 1 2699.94 2700.10 832.0 2700 2700 7000
sortnetsort7.v.stepl.008 1 2696.74 2700.10 893.0 2700 2700 7000
sortnetsort7.v.stepl.009 1 2700.00 2700.10 804.0 2700 2700 7000
sortnetsort8.v.stepl.003 1 2700.01 2700.11 610.0 2700 2700 7000
sortnetsort8.v.stepl.004 1 2700.01 2700.10 814.0 2700 2700 7000
sortnetsort8.v.stepl.005 1 2699.93 2700.10 1156.0 2700 2700 7000
sortnetsort8.v.stepl.006 1 2700.00 2700.10 880.0 2700 2700 7000
sortnetsort8.v.stepl.007 1 2699.89 2700.10 889.0 2700 2700 7000
sortnetsort8.v.stepl.008 1 2699.93 2700.10 904.0 2700 2700 7000
sortnetsort8.v.stepl.009 1 2699.93 2700.11 826.0 2700 2700 7000
sortnetsort9.v.stepl.004 1 2699.60 2700.11 958.0 2700 2700 7000
sortnetsort9.v.stepl.005 1 2699.97 2700.11 1001.0 2700 2700 7000
sortnetsort9.v.stepl.006 1 2699.84 2700.10 1074.0 2700 2700 7000
sortnetsort9.v.stepl.007 1 2699.96 2700.10 678.0 2700 2700 7000
sortnetsort9.v.stepl.008 1 2699.93 2700.10 1130.0 2700 2700 7000
sortnetsort9.v.stepl.009 1 2699.98 2700.10 1209.0 2700 2700 7000
sortnetsort9.v.stepl.010 1 2699.97 2700.10 1136.0 2700 2700 7000
sortnetsort9.v.stepl.011 1 2699.95 2700.10 882.0 2700 2700 7000
sortnetsort9.v.stepl.012 1 2700.01 2700.11 1221.0 2700 2700 7000
stmt21_310_360 1 2700.00 2700.10 630.0 2700 2700 7000
stmt39_285_335 3 294.83 294.94 221.0 2700 2700 7000
szymanski-4-s 3 0.05 0.17 6.0 2700 2700 7000
term1.blif_0.10_0.20_0_0_inp_exact 1 2698.35 2700.10 526.0 2700 2700 7000
texas.ifetch1^1.E-d3 3 0.00 0.03 0.0 2700 2700 7000
texas.ifetch1^9.E-d3 3 0.00 0.07 0.0 2700 2700 7000
ttt_5x5-shape-0-GTTT-1-1-torus-0 1 2699.98 2700.10 618.0 2700 2700 7000
ttt_5x5-shape-0-GTTT-1-2-torus-1 3 0.24 0.56 7.0 2700 2700 7000
ttt_5x5-shape-0-GTTT-2-1-torus-0 1 2699.99 2700.10 748.0 2700 2700 7000
ttt_5x5-shape-0-GTTT-2-1-torus-1 1 2699.98 2700.10 590.0 2700 2700 7000
ttt_5x5-shape-0-GTTT-2-2-torus-0 3 0.19 0.23 7.0 2700 2700 7000
ttt_5x5-shape-0-GTTT-2-2-torus-1 3 0.29 0.38 8.0 2700 2700 7000
ttt_5x5-shape-1-GTTT-1-1-torus-0 1 2699.99 2700.10 565.0 2700 2700 7000
ttt_5x5-shape-1-GTTT-1-1-torus-1 1 2699.93 2700.10 458.0 2700 2700 7000
ttt_5x5-shape-1-GTTT-1-2-torus-0 1 2699.97 2700.10 791.0 2700 2700 7000
ttt_5x5-shape-1-GTTT-1-2-torus-1 1 2700.00 2700.10 615.0 2700 2700 7000
ttt_5x5-shape-1-GTTT-2-1-torus-0 1 2699.89 2700.10 665.0 2700 2700 7000
ttt_5x5-shape-1-GTTT-2-1-torus-1 1 2699.97 2700.10 677.0 2700 2700 7000
