 result time real space tlim rlim slim
2qbf-5cnf-100var-400cl.1 1 2699.95 2700.13 406.0 2700 2700 7000
2qbf-5cnf-150var-300cl.1 1 2699.93 2700.12 359.0 2700 2700 7000
2qbf-5cnf-150var-300cl.2 1 2699.91 2700.13 521.0 2700 2700 7000
2qbf-5cnf-150var-600cl.1 1 2699.98 2700.14 433.0 2700 2700 7000
2qbf-5cnf-150var-600cl.2 1 2699.91 2700.13 501.0 2700 2700 7000
2qbf-5cnf-50var-300cl.2 1 2697.31 2700.14 604.0 2700 2700 7000
3qbf-5cnf-100var-1200cl.1 3 0.00 0.02 0.0 2700 2700 7000
3qbf-5cnf-100var-1200cl.2 3 0.00 0.01 0.0 2700 2700 7000
3qbf-5cnf-100var-400cl.1 3 0.00 0.01 0.0 2700 2700 7000
3qbf-5cnf-100var-400cl.2 3 0.00 0.01 0.0 2700 2700 7000
3qbf-5cnf-150var-1200cl.1 3 0.00 0.01 0.0 2700 2700 7000
3qbf-5cnf-150var-1200cl.2 3 0.00 0.01 0.0 2700 2700 7000
3qbf-5cnf-150var-1500cl.1 3 0.00 0.02 0.0 2700 2700 7000
3qbf-5cnf-150var-1500cl.2 3 0.00 0.02 0.0 2700 2700 7000
4qbf-5cnf-100var-1000cl.2 1 2699.98 2700.13 704.0 2700 2700 7000
4qbf-5cnf-100var-1600cl.2 3 0.00 0.04 0.0 2700 2700 7000
4qbf-5cnf-100var-600cl.1 1 2699.97 2700.13 386.0 2700 2700 7000
4qbf-5cnf-100var-600cl.2 1 2699.98 2700.13 540.0 2700 2700 7000
4qbf-5cnf-100var-800cl.2 1 2699.98 2700.13 463.0 2700 2700 7000
4qbf-5cnf-150var-1500cl.1 3 0.00 0.04 0.0 2700 2700 7000
4qbf-5cnf-150var-1500cl.2 3 0.00 0.03 0.0 2700 2700 7000
4qbf-5cnf-150var-1800cl.2 1 2699.74 2700.12 419.0 2700 2700 7000
4qbf-5cnf-150var-600cl.1 1 2699.96 2700.11 371.0 2700 2700 7000
4qbf-5cnf-150var-600cl.2 1 2699.64 2700.11 345.0 2700 2700 7000
4qbf-5cnf-150var-900cl.2 1 2699.98 2700.11 325.0 2700 2700 7000
4qbf-5cnf-50var-200cl.1 1 2699.95 2700.11 566.0 2700 2700 7000
4qbf-5cnf-50var-200cl.2 1 2699.96 2700.11 482.0 2700 2700 7000
4qbf-5cnf-50var-300cl.1 1 2699.98 2700.10 485.0 2700 2700 7000
4qbf-5cnf-50var-500cl.1 3 0.00 0.02 0.0 2700 2700 7000
4qbf-5cnf-50var-500cl.2 3 0.00 0.02 0.0 2700 2700 7000
4qbf-5cnf-50var-700cl.1 3 0.00 0.03 0.0 2700 2700 7000
4qbf-5cnf-50var-900cl.2 3 0.00 0.02 0.0 2700 2700 7000
5qbf-5cnf-100var-1000cl.2 1 2699.97 2700.10 465.0 2700 2700 7000
5qbf-5cnf-100var-1400cl.1 3 0.00 0.02 0.0 2700 2700 7000
5qbf-5cnf-100var-1400cl.2 3 0.00 0.01 0.0 2700 2700 7000
5qbf-5cnf-100var-800cl.1 3 0.00 0.03 0.0 2700 2700 7000
5qbf-5cnf-100var-800cl.2 3 0.00 0.02 0.0 2700 2700 7000
5qbf-5cnf-150var-1800cl.1 3 0.00 0.02 0.0 2700 2700 7000
5qbf-5cnf-150var-1800cl.2 3 0.00 0.01 0.0 2700 2700 7000
5qbf-5cnf-150var-2100cl.1 3 0.00 0.02 0.0 2700 2700 7000
5qbf-5cnf-150var-2100cl.2 3 0.00 0.02 0.0 2700 2700 7000
5qbf-5cnf-150var-600cl.1 3 0.00 0.01 0.0 2700 2700 7000
5qbf-5cnf-150var-600cl.2 3 0.00 0.01 0.0 2700 2700 7000
5qbf-5cnf-50var-300cl.1 3 0.00 0.02 0.0 2700 2700 7000
5qbf-5cnf-50var-300cl.2 1 2699.98 2700.10 519.0 2700 2700 7000
5qbf-5cnf-50var-800cl.2 3 0.00 0.02 0.0 2700 2700 7000
ActivityService 1 2699.91 2700.15 928.0 2700 2700 7000
ActivityService2 1 2699.98 2700.10 945.0 2700 2700 7000
GuidanceService 1 2699.95 2700.12 653.0 2700 2700 7000
GuidanceService2 1 2700.00 2700.14 655.0 2700 2700 7000
PhaseService 1 2699.97 2700.10 1122.0 2700 2700 7000
arbiter-08-comp-error02-qbf-hardness-depth-9 1 2699.98 2700.14 290.0 2700 2700 7000
b20_C_3_2 1 2699.96 2700.14 648.0 2700 2700 7000
b21_C_3_206 1 2699.97 2700.14 412.0 2700 2700 7000
bobsm5378d2 1 2699.97 2700.12 962.0 2700 2700 7000
bobsm9234 1 2699.97 2700.14 489.0 2700 2700 7000
bobsmhdlc 1 2699.96 2700.13 894.0 2700 2700 7000
bobsmhdlc1 1 2699.96 2700.14 876.0 2700 2700 7000
bobsmhdlc2 1 2699.94 2700.13 997.0 2700 2700 7000
bobsmhdlc3 1 2699.96 2700.12 1090.0 2700 2700 7000
bobtuint31neg 3 3.30 3.34 39.0 2700 2700 7000
c1_Debug_s3_f2_e1_v2 1 2699.96 2700.12 944.0 2700 2700 7000
ceiling128 3 134.10 134.15 149.0 2700 2700 7000
ceiling256 1 2699.98 2700.12 226.0 2700 2700 7000
ceiling32 3 0.79 0.86 22.0 2700 2700 7000
decomposition128 3 0.00 0.08 0.0 2700 2700 7000
decomposition32 3 0.00 0.04 0.0 2700 2700 7000
dungeon_i15-m7-u4-v0.pddl_planlen=168 1 2699.94 2700.10 1116.0 2700 2700 7000
dungeon_i15-m7-u4-v0.pddl_planlen=81 1 2699.96 2700.13 695.0 2700 2700 7000
eijkbs1512 1 2699.98 2700.10 893.0 2700 2700 7000
eijkbs3330 1 2700.00 2700.12 830.0 2700 2700 7000
eijkbs4863 1 2699.92 2700.15 1245.0 2700 2700 7000
equalization32 3 17.30 17.36 46.0 2700 2700 7000
filesys_smbmrx_midatlas.c 1 2699.99 2700.13 553.0 2700 2700 7000
floor128 3 1.11 1.12 31.0 2700 2700 7000
floor256 3 5.41 5.45 76.0 2700 2700 7000
floor32 3 0.10 0.14 18.0 2700 2700 7000
hex_hein_4x4_06 1 2699.99 2700.13 784.0 2700 2700 7000
hex_hein_4x4_07 1 2699.98 2700.12 821.0 2700 2700 7000
hex_hein_4x4_12 1 2699.99 2700.12 662.0 2700 2700 7000
hex_rand_6x6-20m-4 1 2699.99 2700.12 889.0 2700 2700 7000
intermediate128 1 2699.94 2700.12 674.0 2700 2700 7000
intermediate32 1 2699.98 2700.12 561.0 2700 2700 7000
kenflashp01 3 0.00 0.07 0.0 2700 2700 7000
kenflashp02 3 0.00 0.06 0.0 2700 2700 7000
kenflashp04 3 0.00 0.06 0.0 2700 2700 7000
kenflashp12 3 0.00 0.08 0.0 2700 2700 7000
kenoopp1 3 0.00 0.04 0.0 2700 2700 7000
kmdf_pcidrv_sys_hw_physet.c 1 2699.99 2700.11 514.0 2700 2700 7000
lights3_021_1_022 3 0.80 0.88 34.0 2700 2700 7000
lights3_021_1_033 3 0.61 0.70 34.0 2700 2700 7000
lights3_035_1_021 3 0.00 0.09 0.0 2700 2700 7000
lights3_035_1_032 3 0.00 0.05 0.0 2700 2700 7000
lights3_035_1_059 3 2.50 2.59 42.0 2700 2700 7000
network_ndis_rtlnwifi_hw_hw_ccmp.c 1 2699.98 2700.10 255.0 2700 2700 7000
pdtpmsgigamax 1 2699.98 2700.10 528.0 2700 2700 7000
pdtpmsmiim 3 0.40 0.45 21.0 2700 2700 7000
pdtpmsrotate32 3 0.11 0.15 20.0 2700 2700 7000
s05378_PR_4_90 3 0.00 0.08 0.0 2700 2700 7000
s1196_1_5 1 2699.98 2700.10 423.0 2700 2700 7000
s13207_1_107 1 2699.67 2700.14 233.0 2700 2700 7000
s3330_1_70 1 2699.98 2700.14 439.0 2700 2700 7000
s38584_3_238 1 2699.99 2700.11 466.0 2700 2700 7000
s5378_1_0 1 2699.80 2700.12 384.0 2700 2700 7000
sortnetsort9.v.stepl.005 1 2699.99 2700.14 803.0 2700 2700 7000
stmt11_643_645 3 0.00 0.11 0.0 2700 2700 7000
stmt124_966_965 3 0.10 0.17 8.0 2700 2700 7000
stmt137_542_543 3 0.21 0.22 14.0 2700 2700 7000
stmt137_903_911 3 0.10 0.18 10.0 2700 2700 7000
stmt16_0_1 3 0.00 0.03 0.0 2700 2700 7000
stmt16_285_286 3 0.00 0.11 0.0 2700 2700 7000
stmt16_47_48 3 2.00 2.08 55.0 2700 2700 7000
stmt16_588_589 3 0.21 0.25 24.0 2700 2700 7000
stmt16_68_69 3 3.40 3.46 64.0 2700 2700 7000
stmt16_76_77 3 2.59 2.69 57.0 2700 2700 7000
stmt16_818_819 3 0.00 0.10 0.0 2700 2700 7000
stmt16_950_951 3 0.21 0.26 22.0 2700 2700 7000
stmt17_143_144 3 0.00 0.06 0.0 2700 2700 7000
stmt17_18_19 3 0.00 0.04 0.0 2700 2700 7000
stmt17_99_98 3 2.40 2.50 59.0 2700 2700 7000
stmt18_258_260 3 0.00 0.09 0.0 2700 2700 7000
stmt19_83_412 3 2.11 2.14 68.0 2700 2700 7000
stmt1_145_146 3 0.00 0.01 0.0 2700 2700 7000
stmt1_20_21 3 0.00 0.01 0.0 2700 2700 7000
stmt1_30_31 3 0.00 0.01 0.0 2700 2700 7000
stmt1_392_393 3 0.11 0.12 0.0 2700 2700 7000
stmt1_60_61 3 3.11 3.16 58.0 2700 2700 7000
stmt1_629_630 3 0.40 0.51 30.0 2700 2700 7000
stmt1_787_788 3 0.81 0.89 35.0 2700 2700 7000
stmt1_79_80 3 2.21 2.22 43.0 2700 2700 7000
stmt1_811_812 3 0.00 0.06 0.0 2700 2700 7000
stmt1_919_920 3 0.11 0.15 9.0 2700 2700 7000
stmt1_953_954 3 0.11 0.14 20.0 2700 2700 7000
stmt21_181_369 3 2.80 2.85 82.0 2700 2700 7000
stmt21_326_327 3 0.10 0.20 6.0 2700 2700 7000
stmt24_148_149 3 0.00 0.01 0.0 2700 2700 7000
stmt24_292_293 3 0.00 0.08 0.0 2700 2700 7000
stmt24_765_766 3 0.11 0.21 21.0 2700 2700 7000
stmt24_7_8 3 0.00 0.01 0.0 2700 2700 7000
stmt25_52_53 3 1.60 1.64 42.0 2700 2700 7000
stmt25_597_598 3 0.21 0.22 6.0 2700 2700 7000
stmt27_296_297 3 0.00 0.10 0.0 2700 2700 7000
stmt27_584_603 3 0.20 0.30 21.0 2700 2700 7000
stmt27_93_98 3 2.60 2.65 55.0 2700 2700 7000
stmt27_946_955 3 0.20 0.22 11.0 2700 2700 7000
stmt29_226_376 3 2.81 2.90 89.0 2700 2700 7000
stmt2_480_551 3 0.11 0.17 21.0 2700 2700 7000
stmt2_649_647 3 0.11 0.13 19.0 2700 2700 7000
stmt2_649_723 3 0.00 0.10 0.0 2700 2700 7000
stmt2_649_776 3 0.20 0.28 21.0 2700 2700 7000
stmt2_976_999 1 2700.01 2700.12 990.0 2700 2700 7000
stmt32_122_129 3 0.00 0.01 0.0 2700 2700 7000
stmt32_570_572 3 0.21 0.26 22.0 2700 2700 7000
stmt37_941_942 3 1.60 1.69 41.0 2700 2700 7000
stmt38_943_942 3 1.40 1.43 40.0 2700 2700 7000
stmt3_639_640 3 0.00 0.08 0.0 2700 2700 7000
stmt3_969_973 3 0.00 0.08 0.0 2700 2700 7000
stmt41_118_131 3 0.21 0.26 22.0 2700 2700 7000
stmt41_262_275 3 0.29 0.32 18.0 2700 2700 7000
stmt41_566_580 3 0.40 0.51 35.0 2700 2700 7000
stmt41_738_737 3 0.10 0.13 20.0 2700 2700 7000
stmt41_738_749 3 0.50 0.53 32.0 2700 2700 7000
stmt44_107_108 3 0.00 0.01 0.0 2700 2700 7000
stmt44_107_113 3 0.00 0.01 0.0 2700 2700 7000
stmt44_252_301 3 0.00 0.07 0.0 2700 2700 7000
stmt44_435_436 3 0.10 0.12 19.0 2700 2700 7000
stmt44_554_555 3 0.11 0.20 7.0 2700 2700 7000
stmt44_554_604 3 0.11 0.18 6.0 2700 2700 7000
stmt44_726_773 3 0.11 0.14 20.0 2700 2700 7000
stmt44_916_917 3 0.10 0.18 10.0 2700 2700 7000
stmt5_731_730 3 0.20 0.22 5.0 2700 2700 7000
stmt6_13_14 3 0.00 0.01 0.0 2700 2700 7000
stmt70_191_213 3 0.00 0.09 0.0 2700 2700 7000
stmt70_495_501 3 0.11 0.20 9.0 2700 2700 7000
stmt70_854_859 3 0.10 0.14 20.0 2700 2700 7000
stmt72_696_721 3 0.11 0.13 20.0 2700 2700 7000
stmt82_224_225 3 0.00 0.10 0.0 2700 2700 7000
stmt86_889_890 3 0.21 0.22 12.0 2700 2700 7000
stmt9_350_351 3 0.00 0.10 0.0 2700 2700 7000
stmt9_445_446 3 0.20 0.24 20.0 2700 2700 7000
toilet_a_02_01.2 3 0.00 0.01 0.0 2700 2700 7000
toilet_a_02_01.3 3 0.00 0.01 0.0 2700 2700 7000
toilet_a_04_01.2 3 0.00 0.01 0.0 2700 2700 7000
toilet_a_04_01.3 3 0.00 0.01 0.0 2700 2700 7000
toilet_a_04_01.4 3 0.00 0.01 0.0 2700 2700 7000
toilet_a_04_01.5 3 0.00 0.01 0.0 2700 2700 7000
toilet_a_04_01.6 3 0.00 0.02 0.0 2700 2700 7000
toilet_a_04_01.7 3 0.00 0.01 0.0 2700 2700 7000
toilet_a_04_01.8 3 0.00 0.02 0.0 2700 2700 7000
toilet_a_06_01.10 3 0.00 0.04 0.0 2700 2700 7000
toilet_a_06_01.11 3 0.00 0.04 0.0 2700 2700 7000
toilet_a_06_01.12 3 6.69 6.75 43.0 2700 2700 7000
toilet_a_06_01.2 3 0.00 0.02 0.0 2700 2700 7000
toilet_a_06_01.3 3 0.00 0.02 0.0 2700 2700 7000
toilet_a_06_01.4 3 0.00 0.02 0.0 2700 2700 7000
toilet_a_06_01.5 3 0.00 0.03 0.0 2700 2700 7000
toilet_a_06_01.6 3 0.00 0.04 0.0 2700 2700 7000
toilet_a_06_01.7 3 0.00 0.04 0.0 2700 2700 7000
toilet_a_06_01.8 3 0.00 0.03 0.0 2700 2700 7000
toilet_a_06_01.9 3 0.00 0.04 0.0 2700 2700 7000
toilet_a_06_05.2 3 0.00 0.08 0.0 2700 2700 7000
toilet_a_06_05.3 3 0.00 0.08 0.0 2700 2700 7000
toilet_a_08_01.10 3 0.30 0.37 5.0 2700 2700 7000
toilet_a_08_01.11 3 0.71 0.77 5.0 2700 2700 7000
toilet_a_08_01.12 3 0.51 0.54 6.0 2700 2700 7000
toilet_a_08_01.13 3 0.81 0.86 6.0 2700 2700 7000
toilet_a_08_01.14 3 53.61 53.69 127.0 2700 2700 7000
toilet_a_08_01.15 3 14.70 14.80 67.0 2700 2700 7000
toilet_a_08_01.16 3 16.67 16.78 59.0 2700 2700 7000
toilet_a_08_01.2 3 0.40 0.45 4.0 2700 2700 7000
toilet_a_08_01.3 3 0.91 0.92 5.0 2700 2700 7000
toilet_a_08_01.4 3 0.61 0.62 5.0 2700 2700 7000
toilet_a_08_01.5 3 0.70 0.78 4.0 2700 2700 7000
toilet_a_08_01.6 3 0.40 0.44 5.0 2700 2700 7000
toilet_a_08_01.7 3 0.61 0.63 5.0 2700 2700 7000
toilet_a_08_01.8 3 0.30 0.39 5.0 2700 2700 7000
toilet_a_08_01.9 3 0.80 0.83 5.0 2700 2700 7000
toilet_a_08_05.10 1 2691.94 2700.11 226.0 2700 2700 7000
toilet_a_08_05.2 3 1.90 1.95 5.0 2700 2700 7000
toilet_a_08_05.3 3 0.70 0.75 5.0 2700 2700 7000
toilet_a_08_05.4 3 3.30 3.32 36.0 2700 2700 7000
toilet_a_08_05.5 3 66.20 66.25 110.0 2700 2700 7000
toilet_a_08_05.6 1 2700.01 2700.14 581.0 2700 2700 7000
toilet_a_08_05.7 1 2700.00 2700.11 478.0 2700 2700 7000
toilet_a_08_05.8 3 1200.70 1200.78 422.0 2700 2700 7000
toilet_a_08_05.9 1 2700.01 2700.11 185.0 2700 2700 7000
toilet_a_10_01.10 3 1.10 1.20 7.0 2700 2700 7000
toilet_a_10_01.11 3 1.11 1.12 9.0 2700 2700 7000
toilet_a_10_01.12 3 3.61 3.62 7.0 2700 2700 7000
toilet_a_10_01.13 3 1.20 1.24 10.0 2700 2700 7000
toilet_a_10_01.14 3 0.91 0.95 10.0 2700 2700 7000
toilet_a_10_01.15 3 7.21 7.22 11.0 2700 2700 7000
toilet_a_10_01.16 3 0.91 1.00 10.0 2700 2700 7000
toilet_a_10_01.17 1 2700.02 2700.14 592.0 2700 2700 7000
toilet_a_10_01.18 1 2699.95 2700.14 585.0 2700 2700 7000
toilet_a_10_01.19 1 2700.03 2700.12 338.0 2700 2700 7000
toilet_a_10_01.2 3 1.51 1.61 7.0 2700 2700 7000
toilet_a_10_01.20 1 2700.02 2700.13 495.0 2700 2700 7000
toilet_a_10_01.3 3 2.90 2.94 7.0 2700 2700 7000
toilet_a_10_01.4 3 2.30 2.33 8.0 2700 2700 7000
toilet_a_10_01.5 3 0.60 0.66 7.0 2700 2700 7000
toilet_a_10_01.6 3 3.21 3.24 7.0 2700 2700 7000
toilet_a_10_01.7 3 1.00 1.06 7.0 2700 2700 7000
toilet_a_10_01.8 3 0.61 0.62 9.0 2700 2700 7000
toilet_a_10_01.9 3 4.50 4.56 7.0 2700 2700 7000
toilet_a_10_05.2 3 2.30 2.36 7.0 2700 2700 7000
toilet_a_10_05.3 3 0.81 0.90 8.0 2700 2700 7000
toilet_a_10_05.4 1 2700.02 2700.13 592.0 2700 2700 7000
toilet_c_02_01.2 3 0.00 0.01 0.0 2700 2700 7000
toilet_c_02_01.3 3 0.00 0.02 0.0 2700 2700 7000
toilet_c_04_01.2 3 0.00 0.01 0.0 2700 2700 7000
toilet_c_04_01.3 3 0.00 0.02 0.0 2700 2700 7000
toilet_c_04_01.4 3 0.00 0.03 0.0 2700 2700 7000
toilet_c_04_01.5 3 0.00 0.04 0.0 2700 2700 7000
toilet_c_04_01.6 3 0.00 0.05 0.0 2700 2700 7000
toilet_c_04_01.7 3 0.00 0.09 0.0 2700 2700 7000
toilet_c_04_01.8 3 0.10 0.13 18.0 2700 2700 7000
toilet_c_06_01.10 3 0.00 0.05 0.0 2700 2700 7000
toilet_c_06_01.11 3 0.00 0.06 0.0 2700 2700 7000
toilet_c_06_01.12 3 0.00 0.06 0.0 2700 2700 7000
toilet_c_06_01.2 3 0.00 0.01 0.0 2700 2700 7000
toilet_c_06_01.3 3 0.00 0.02 0.0 2700 2700 7000
toilet_c_06_01.4 3 0.00 0.02 0.0 2700 2700 7000
toilet_c_06_01.5 3 0.00 0.02 0.0 2700 2700 7000
toilet_c_06_01.6 3 0.00 0.03 0.0 2700 2700 7000
toilet_c_06_01.7 3 0.00 0.02 0.0 2700 2700 7000
toilet_c_06_01.8 3 0.00 0.02 0.0 2700 2700 7000
toilet_c_06_01.9 3 0.00 0.04 0.0 2700 2700 7000
toilet_c_06_05.2 3 0.00 0.01 0.0 2700 2700 7000
toilet_c_06_05.3 3 0.00 0.03 0.0 2700 2700 7000
toilet_c_06_05.4 3 0.00 0.04 0.0 2700 2700 7000
toilet_c_08_01.10 3 1.01 1.04 30.0 2700 2700 7000
toilet_c_08_01.11 3 1.81 1.89 38.0 2700 2700 7000
toilet_c_08_01.12 3 2.51 2.54 40.0 2700 2700 7000
toilet_c_08_01.13 3 198.20 198.24 265.0 2700 2700 7000
toilet_c_08_01.14 3 408.30 408.32 312.0 2700 2700 7000
toilet_c_08_01.15 3 69.08 69.28 176.0 2700 2700 7000
toilet_c_08_01.16 3 82.20 82.31 171.0 2700 2700 7000
toilet_c_08_01.2 3 0.00 0.01 0.0 2700 2700 7000
toilet_c_08_01.3 3 0.00 0.03 0.0 2700 2700 7000
toilet_c_08_01.4 3 0.00 0.05 0.0 2700 2700 7000
toilet_c_08_01.5 3 0.10 0.14 18.0 2700 2700 7000
toilet_c_08_01.6 3 0.00 0.11 0.0 2700 2700 7000
toilet_c_08_01.7 3 0.00 0.09 0.0 2700 2700 7000
toilet_c_08_01.8 3 0.30 0.32 19.0 2700 2700 7000
toilet_c_08_01.9 3 0.50 0.54 26.0 2700 2700 7000
toilet_c_08_05.10 3 1258.11 1258.14 324.0 2700 2700 7000
toilet_c_08_05.2 3 0.00 0.01 0.0 2700 2700 7000
toilet_c_08_05.3 3 0.10 0.18 18.0 2700 2700 7000
toilet_c_08_05.4 3 0.21 0.22 20.0 2700 2700 7000
toilet_c_08_05.5 3 5.01 5.09 53.0 2700 2700 7000
toilet_c_08_05.6 3 52.20 52.30 137.0 2700 2700 7000
toilet_c_08_05.7 1 2700.02 2700.12 633.0 2700 2700 7000
toilet_c_08_05.8 3 204.01 204.06 98.0 2700 2700 7000
toilet_c_08_05.9 3 196.31 196.32 107.0 2700 2700 7000
toilet_c_10_01.10 3 0.00 0.06 0.0 2700 2700 7000
toilet_c_10_01.11 3 0.00 0.08 0.0 2700 2700 7000
toilet_c_10_01.12 3 0.00 0.09 0.0 2700 2700 7000
toilet_c_10_01.13 3 0.11 0.21 5.0 2700 2700 7000
toilet_c_10_01.14 3 0.10 0.20 6.0 2700 2700 7000
toilet_c_10_01.15 3 0.40 0.50 7.0 2700 2700 7000
toilet_c_10_01.16 1 2700.01 2700.12 346.0 2700 2700 7000
toilet_c_10_01.17 3 91.50 91.52 199.0 2700 2700 7000
toilet_c_10_01.18 3 36.61 36.67 192.0 2700 2700 7000
toilet_c_10_01.19 3 378.10 378.16 260.0 2700 2700 7000
toilet_c_10_01.2 3 0.00 0.02 0.0 2700 2700 7000
toilet_c_10_01.20 3 371.60 371.65 299.0 2700 2700 7000
toilet_c_10_01.3 3 0.00 0.02 0.0 2700 2700 7000
toilet_c_10_01.4 3 0.00 0.03 0.0 2700 2700 7000
toilet_c_10_01.5 3 0.00 0.03 0.0 2700 2700 7000
toilet_c_10_01.6 3 0.00 0.04 0.0 2700 2700 7000
toilet_c_10_01.7 3 0.00 0.05 0.0 2700 2700 7000
toilet_c_10_01.8 3 0.00 0.05 0.0 2700 2700 7000
toilet_c_10_01.9 3 0.00 0.06 0.0 2700 2700 7000
toilet_c_10_05.10 1 2699.97 2700.11 546.0 2700 2700 7000
toilet_c_10_05.11 1 2700.02 2700.13 424.0 2700 2700 7000
toilet_c_10_05.12 1 2699.95 2700.16 293.0 2700 2700 7000
toilet_c_10_05.2 3 0.00 0.02 0.0 2700 2700 7000
toilet_c_10_05.3 3 0.00 0.07 0.0 2700 2700 7000
toilet_c_10_05.4 3 0.00 0.07 0.0 2700 2700 7000
toilet_c_10_05.5 3 0.10 0.13 7.0 2700 2700 7000
toilet_c_10_05.6 3 103.80 103.86 147.0 2700 2700 7000
toilet_c_10_05.7 1 2700.00 2700.15 409.0 2700 2700 7000
toilet_c_10_05.8 1 2699.99 2700.14 339.0 2700 2700 7000
toilet_c_10_05.9 1 2700.00 2700.14 357.0 2700 2700 7000
ttt_5x5-shape-1-GTTT-2-2-torus-0 1 2700.01 2700.12 388.0 2700 2700 7000
