 result time real space tlim rlim slim
2qbf-5cnf-100var-400cl.1 3 0.00 0.05 0.0 2700 2700 7000
2qbf-5cnf-150var-300cl.1 3 0.00 0.05 0.0 2700 2700 7000
2qbf-5cnf-150var-300cl.2 3 0.00 0.04 0.0 2700 2700 7000
2qbf-5cnf-150var-600cl.1 3 0.00 0.04 0.0 2700 2700 7000
2qbf-5cnf-150var-600cl.2 3 0.00 0.03 0.0 2700 2700 7000
2qbf-5cnf-50var-300cl.2 3 0.00 0.03 0.0 2700 2700 7000
3qbf-5cnf-100var-1200cl.1 3 0.00 0.02 0.0 2700 2700 7000
3qbf-5cnf-100var-1200cl.2 3 0.00 0.03 0.0 2700 2700 7000
3qbf-5cnf-100var-400cl.1 3 0.00 0.02 0.0 2700 2700 7000
3qbf-5cnf-100var-400cl.2 3 0.00 0.02 0.0 2700 2700 7000
3qbf-5cnf-150var-1200cl.1 3 0.00 0.01 0.0 2700 2700 7000
3qbf-5cnf-150var-1200cl.2 3 0.00 0.02 0.0 2700 2700 7000
3qbf-5cnf-150var-1500cl.1 3 0.00 0.02 0.0 2700 2700 7000
3qbf-5cnf-150var-1500cl.2 3 0.00 0.02 0.0 2700 2700 7000
4qbf-5cnf-100var-1000cl.2 3 0.00 0.02 0.0 2700 2700 7000
4qbf-5cnf-100var-1600cl.2 3 0.00 0.02 0.0 2700 2700 7000
4qbf-5cnf-100var-600cl.1 3 2005.88 2005.96 66.0 2700 2700 7000
4qbf-5cnf-100var-600cl.2 3 0.00 0.07 0.0 2700 2700 7000
4qbf-5cnf-100var-800cl.2 3 0.00 0.05 0.0 2700 2700 7000
4qbf-5cnf-150var-1500cl.1 3 0.00 0.03 0.0 2700 2700 7000
4qbf-5cnf-150var-1500cl.2 3 0.00 0.02 0.0 2700 2700 7000
4qbf-5cnf-150var-1800cl.2 3 0.00 0.02 0.0 2700 2700 7000
4qbf-5cnf-150var-600cl.1 3 0.00 0.06 0.0 2700 2700 7000
4qbf-5cnf-150var-600cl.2 3 0.00 0.04 0.0 2700 2700 7000
4qbf-5cnf-150var-900cl.2 3 0.00 0.06 0.0 2700 2700 7000
4qbf-5cnf-50var-200cl.1 3 0.00 0.08 0.0 2700 2700 7000
4qbf-5cnf-50var-200cl.2 3 0.00 0.02 0.0 2700 2700 7000
4qbf-5cnf-50var-300cl.1 3 0.00 0.03 0.0 2700 2700 7000
4qbf-5cnf-50var-500cl.1 3 0.00 0.01 0.0 2700 2700 7000
4qbf-5cnf-50var-500cl.2 3 0.00 0.02 0.0 2700 2700 7000
4qbf-5cnf-50var-700cl.1 3 0.00 0.02 0.0 2700 2700 7000
4qbf-5cnf-50var-900cl.2 3 0.00 0.01 0.0 2700 2700 7000
5qbf-5cnf-100var-1000cl.2 3 105.48 105.51 44.0 2700 2700 7000
5qbf-5cnf-100var-1400cl.1 3 0.00 0.03 0.0 2700 2700 7000
5qbf-5cnf-100var-1400cl.2 3 0.00 0.03 0.0 2700 2700 7000
5qbf-5cnf-100var-800cl.1 3 0.00 0.01 0.0 2700 2700 7000
5qbf-5cnf-100var-800cl.2 3 0.00 0.02 0.0 2700 2700 7000
5qbf-5cnf-150var-1800cl.1 3 0.00 0.02 0.0 2700 2700 7000
5qbf-5cnf-150var-1800cl.2 3 0.00 0.02 0.0 2700 2700 7000
5qbf-5cnf-150var-2100cl.1 3 0.00 0.02 0.0 2700 2700 7000
5qbf-5cnf-150var-2100cl.2 3 0.00 0.02 0.0 2700 2700 7000
5qbf-5cnf-150var-600cl.1 3 0.00 0.01 0.0 2700 2700 7000
5qbf-5cnf-150var-600cl.2 3 0.00 0.01 0.0 2700 2700 7000
5qbf-5cnf-50var-300cl.1 3 0.00 0.01 0.0 2700 2700 7000
5qbf-5cnf-50var-300cl.2 3 0.00 0.01 0.0 2700 2700 7000
5qbf-5cnf-50var-800cl.2 3 0.00 0.06 0.0 2700 2700 7000
ActivityService 1 2699.89 2700.10 380.0 2700 2700 7000
ActivityService2 1 2699.87 2700.10 365.0 2700 2700 7000
GuidanceService 3 0.77 0.90 9.0 2700 2700 7000
GuidanceService2 3 0.75 0.90 9.0 2700 2700 7000
PhaseService 1 2699.79 2700.11 368.0 2700 2700 7000
arbiter-08-comp-error02-qbf-hardness-depth-9 1 2699.79 2700.10 341.0 2700 2700 7000
b20_C_3_2 1 2699.84 2700.10 610.0 2700 2700 7000
b21_C_3_206 1 2695.82 2700.11 413.0 2700 2700 7000
bobsm5378d2 1 2699.94 2700.10 239.0 2700 2700 7000
bobsm9234 1 2699.90 2700.11 269.0 2700 2700 7000
bobsmhdlc 1 2699.90 2700.10 223.0 2700 2700 7000
bobsmhdlc1 1 2699.94 2700.10 180.0 2700 2700 7000
bobsmhdlc2 1 2699.91 2700.11 202.0 2700 2700 7000
bobsmhdlc3 1 2699.95 2700.10 203.0 2700 2700 7000
bobtuint31neg 1 2699.21 2700.10 249.0 2700 2700 7000
c1_Debug_s3_f2_e1_v2 1 2699.89 2700.16 3524.0 2700 2700 7000
ceiling128 1 2699.86 2700.10 257.0 2700 2700 7000
ceiling256 1 2699.91 2700.11 443.0 2700 2700 7000
ceiling32 1 2699.96 2700.10 118.0 2700 2700 7000
decomposition128 3 0.00 0.06 0.0 2700 2700 7000
decomposition32 3 0.00 0.02 0.0 2700 2700 7000
dungeon_i15-m7-u4-v0.pddl_planlen=168 1 2699.94 2700.11 210.0 2700 2700 7000
dungeon_i15-m7-u4-v0.pddl_planlen=81 1 2699.97 2700.11 198.0 2700 2700 7000
eijkbs1512 1 2699.98 2700.10 169.0 2700 2700 7000
eijkbs3330 1 2699.98 2700.11 215.0 2700 2700 7000
eijkbs4863 1 2699.98 2700.10 300.0 2700 2700 7000
equalization32 3 0.00 0.02 0.0 2700 2700 7000
filesys_smbmrx_midatlas.c 1 2699.91 2700.10 506.0 2700 2700 7000
floor128 1 2696.77 2700.10 281.0 2700 2700 7000
floor256 1 2699.91 2700.13 437.0 2700 2700 7000
floor32 1 2699.94 2700.15 116.0 2700 2700 7000
hex_hein_4x4_06 1 2697.51 2700.13 113.0 2700 2700 7000
hex_hein_4x4_07 1 2699.99 2700.11 133.0 2700 2700 7000
hex_hein_4x4_12 3 76.69 76.77 28.0 2700 2700 7000
hex_rand_6x6-20m-4 3 18.17 18.22 24.0 2700 2700 7000
intermediate128 1 2699.66 2700.11 266.0 2700 2700 7000
intermediate32 1 2699.98 2700.10 117.0 2700 2700 7000
kenflashp01 1 2699.13 2700.12 96.0 2700 2700 7000
kenflashp02 1 2699.99 2700.12 88.0 2700 2700 7000
kenflashp04 1 2700.01 2700.13 97.0 2700 2700 7000
kenflashp12 1 2700.01 2700.13 110.0 2700 2700 7000
kenoopp1 1 2700.00 2700.13 86.0 2700 2700 7000
kmdf_pcidrv_sys_hw_physet.c 1 2699.97 2700.11 264.0 2700 2700 7000
lights3_021_1_022 1 2699.71 2700.12 295.0 2700 2700 7000
lights3_021_1_033 1 2699.96 2700.12 321.0 2700 2700 7000
lights3_035_1_021 3 28.00 28.03 120.0 2700 2700 7000
lights3_035_1_032 3 15.90 15.97 111.0 2700 2700 7000
lights3_035_1_059 1 2699.96 2700.12 422.0 2700 2700 7000
network_ndis_rtlnwifi_hw_hw_ccmp.c 1 2699.97 2700.11 545.0 2700 2700 7000
pdtpmsgigamax 1 2699.99 2700.11 138.0 2700 2700 7000
pdtpmsmiim 1 2699.99 2700.11 197.0 2700 2700 7000
pdtpmsrotate32 1 2700.00 2700.11 148.0 2700 2700 7000
s05378_PR_4_90 3 0.09 0.12 0.0 2700 2700 7000
s1196_1_5 1 2695.52 2700.11 285.0 2700 2700 7000
s13207_1_107 3 238.79 238.86 110.0 2700 2700 7000
s3330_1_70 3 8.30 8.37 27.0 2700 2700 7000
s38584_3_238 1 2699.99 2700.10 274.0 2700 2700 7000
s5378_1_0 3 1092.04 1092.12 169.0 2700 2700 7000
sortnetsort9.v.stepl.005 1 2699.92 2700.15 319.0 2700 2700 7000
stmt11_643_645 1 2699.96 2700.12 143.0 2700 2700 7000
stmt124_966_965 1 2699.87 2700.11 144.0 2700 2700 7000
stmt137_542_543 1 2699.90 2700.13 175.0 2700 2700 7000
stmt137_903_911 1 2699.50 2700.14 148.0 2700 2700 7000
stmt16_0_1 1 2699.98 2700.11 49.0 2700 2700 7000
stmt16_285_286 1 2699.97 2700.11 141.0 2700 2700 7000
stmt16_47_48 1 2699.96 2700.11 241.0 2700 2700 7000
stmt16_588_589 1 2699.97 2700.13 185.0 2700 2700 7000
stmt16_68_69 1 2699.98 2700.12 266.0 2700 2700 7000
stmt16_76_77 1 2699.28 2700.14 242.0 2700 2700 7000
stmt16_818_819 1 2700.01 2700.12 126.0 2700 2700 7000
stmt16_950_951 1 2699.99 2700.13 154.0 2700 2700 7000
stmt17_143_144 1 2699.69 2700.11 90.0 2700 2700 7000
stmt17_18_19 1 2700.01 2700.12 55.0 2700 2700 7000
stmt17_99_98 1 2699.60 2700.13 261.0 2700 2700 7000
stmt18_258_260 1 2699.99 2700.12 132.0 2700 2700 7000
stmt19_83_412 1 2699.24 2700.11 355.0 2700 2700 7000
stmt1_145_146 3 0.00 0.08 0.0 2700 2700 7000
stmt1_20_21 3 0.00 0.04 0.0 2700 2700 7000
stmt1_30_31 3 0.00 0.03 0.0 2700 2700 7000
stmt1_392_393 1 2699.96 2700.11 124.0 2700 2700 7000
stmt1_60_61 1 2699.94 2700.12 234.0 2700 2700 7000
stmt1_629_630 1 2699.83 2700.13 226.0 2700 2700 7000
stmt1_787_788 1 2699.98 2700.13 241.0 2700 2700 7000
stmt1_79_80 1 2699.99 2700.12 231.0 2700 2700 7000
stmt1_811_812 1 2700.01 2700.11 102.0 2700 2700 7000
stmt1_919_920 1 2699.97 2700.11 141.0 2700 2700 7000
stmt1_953_954 1 2699.99 2700.10 152.0 2700 2700 7000
stmt21_181_369 1 2699.97 2700.10 329.0 2700 2700 7000
stmt21_326_327 1 2699.85 2700.15 171.0 2700 2700 7000
stmt24_148_149 3 0.00 0.03 0.0 2700 2700 7000
stmt24_292_293 1 2699.95 2700.14 129.0 2700 2700 7000
stmt24_765_766 1 2699.84 2700.14 146.0 2700 2700 7000
stmt24_7_8 3 0.00 0.01 0.0 2700 2700 7000
stmt25_52_53 1 2699.98 2700.12 231.0 2700 2700 7000
stmt25_597_598 1 2699.92 2700.11 168.0 2700 2700 7000
stmt27_296_297 1 2699.81 2700.13 132.0 2700 2700 7000
stmt27_584_603 1 2699.99 2700.11 165.0 2700 2700 7000
stmt27_93_98 1 2699.98 2700.10 234.0 2700 2700 7000
stmt27_946_955 1 2699.98 2700.12 135.0 2700 2700 7000
stmt29_226_376 1 2699.98 2700.12 386.0 2700 2700 7000
stmt2_480_551 1 2699.97 2700.11 164.0 2700 2700 7000
stmt2_649_647 1 2699.99 2700.13 139.0 2700 2700 7000
stmt2_649_723 1 2699.98 2700.11 118.0 2700 2700 7000
stmt2_649_776 1 2699.99 2700.14 138.0 2700 2700 7000
stmt2_976_999 3 0.00 0.03 0.0 2700 2700 7000
stmt32_122_129 3 0.00 0.04 0.0 2700 2700 7000
stmt32_570_572 1 2699.99 2700.13 166.0 2700 2700 7000
stmt37_941_942 1 2699.98 2700.10 242.0 2700 2700 7000
stmt38_943_942 1 2699.99 2700.11 244.0 2700 2700 7000
stmt3_639_640 1 2700.00 2700.12 114.0 2700 2700 7000
stmt3_969_973 1 2700.01 2700.12 115.0 2700 2700 7000
stmt41_118_131 1 2699.98 2700.13 149.0 2700 2700 7000
stmt41_262_275 1 2699.99 2700.13 181.0 2700 2700 7000
stmt41_566_580 1 2699.96 2700.11 221.0 2700 2700 7000
stmt41_738_737 1 2700.00 2700.12 158.0 2700 2700 7000
stmt41_738_749 1 2699.98 2700.11 203.0 2700 2700 7000
stmt44_107_108 3 0.00 0.02 0.0 2700 2700 7000
stmt44_107_113 3 0.00 0.02 0.0 2700 2700 7000
stmt44_252_301 1 2700.00 2700.10 134.0 2700 2700 7000
stmt44_435_436 1 2699.99 2700.13 142.0 2700 2700 7000
stmt44_554_555 1 2699.98 2700.14 158.0 2700 2700 7000
stmt44_554_604 1 2699.98 2700.14 144.0 2700 2700 7000
stmt44_726_773 1 2699.99 2700.13 155.0 2700 2700 7000
stmt44_916_917 1 2699.98 2700.12 134.0 2700 2700 7000
stmt5_731_730 1 2699.98 2700.12 141.0 2700 2700 7000
stmt6_13_14 3 0.00 0.01 0.0 2700 2700 7000
stmt70_191_213 1 2700.00 2700.13 120.0 2700 2700 7000
stmt70_495_501 1 2699.97 2700.11 144.0 2700 2700 7000
stmt70_854_859 1 2699.99 2700.12 141.0 2700 2700 7000
stmt72_696_721 1 2699.98 2700.13 130.0 2700 2700 7000
stmt82_224_225 1 2699.99 2700.12 133.0 2700 2700 7000
stmt86_889_890 1 2699.97 2700.11 163.0 2700 2700 7000
stmt9_350_351 1 2700.00 2700.11 88.0 2700 2700 7000
stmt9_445_446 1 2694.09 2700.11 139.0 2700 2700 7000
toilet_a_02_01.2 3 0.00 0.02 0.0 2700 2700 7000
toilet_a_02_01.3 3 0.00 0.01 0.0 2700 2700 7000
toilet_a_04_01.2 3 0.00 0.03 0.0 2700 2700 7000
toilet_a_04_01.3 3 0.00 0.01 0.0 2700 2700 7000
toilet_a_04_01.4 3 0.00 0.02 0.0 2700 2700 7000
toilet_a_04_01.5 3 0.00 0.01 0.0 2700 2700 7000
toilet_a_04_01.6 3 0.00 0.02 0.0 2700 2700 7000
toilet_a_04_01.7 3 0.00 0.01 0.0 2700 2700 7000
toilet_a_04_01.8 3 0.00 0.02 0.0 2700 2700 7000
toilet_a_06_01.10 3 0.00 0.04 0.0 2700 2700 7000
toilet_a_06_01.11 3 0.00 0.09 0.0 2700 2700 7000
toilet_a_06_01.12 3 0.00 0.03 0.0 2700 2700 7000
toilet_a_06_01.2 3 0.00 0.01 0.0 2700 2700 7000
toilet_a_06_01.3 3 0.00 0.01 0.0 2700 2700 7000
toilet_a_06_01.4 3 0.00 0.02 0.0 2700 2700 7000
toilet_a_06_01.5 3 0.00 0.01 0.0 2700 2700 7000
toilet_a_06_01.6 3 0.00 0.02 0.0 2700 2700 7000
toilet_a_06_01.7 3 0.00 0.02 0.0 2700 2700 7000
toilet_a_06_01.8 3 0.00 0.05 0.0 2700 2700 7000
toilet_a_06_01.9 3 0.00 0.03 0.0 2700 2700 7000
toilet_a_06_05.2 3 0.00 0.03 0.0 2700 2700 7000
toilet_a_06_05.3 3 0.10 0.13 5.0 2700 2700 7000
toilet_a_08_01.10 3 0.00 0.08 0.0 2700 2700 7000
toilet_a_08_01.11 3 0.21 0.29 6.0 2700 2700 7000
toilet_a_08_01.12 3 0.60 0.63 6.0 2700 2700 7000
toilet_a_08_01.13 3 2.30 2.33 8.0 2700 2700 7000
toilet_a_08_01.14 3 7.99 8.05 13.0 2700 2700 7000
toilet_a_08_01.15 3 35.70 35.79 23.0 2700 2700 7000
toilet_a_08_01.16 3 0.00 0.11 0.0 2700 2700 7000
toilet_a_08_01.2 3 0.00 0.03 0.0 2700 2700 7000
toilet_a_08_01.3 3 0.00 0.05 0.0 2700 2700 7000
toilet_a_08_01.4 3 0.00 0.02 0.0 2700 2700 7000
toilet_a_08_01.5 3 0.00 0.03 0.0 2700 2700 7000
toilet_a_08_01.6 3 0.00 0.02 0.0 2700 2700 7000
toilet_a_08_01.7 3 0.00 0.04 0.0 2700 2700 7000
toilet_a_08_01.8 3 0.00 0.05 0.0 2700 2700 7000
toilet_a_08_01.9 3 0.00 0.04 0.0 2700 2700 7000
toilet_a_08_05.10 3 0.10 0.13 7.0 2700 2700 7000
toilet_a_08_05.2 3 0.00 0.03 0.0 2700 2700 7000
toilet_a_08_05.3 3 0.10 0.15 6.0 2700 2700 7000
toilet_a_08_05.4 3 0.00 0.08 0.0 2700 2700 7000
toilet_a_08_05.5 3 0.00 0.09 0.0 2700 2700 7000
toilet_a_08_05.6 3 0.00 0.10 0.0 2700 2700 7000
toilet_a_08_05.7 3 0.00 0.11 0.0 2700 2700 7000
toilet_a_08_05.8 3 0.10 0.12 6.0 2700 2700 7000
toilet_a_08_05.9 3 0.09 0.14 7.0 2700 2700 7000
toilet_a_10_01.10 3 0.00 0.11 0.0 2700 2700 7000
toilet_a_10_01.11 3 0.20 0.22 7.0 2700 2700 7000
toilet_a_10_01.12 3 0.69 0.79 8.0 2700 2700 7000
toilet_a_10_01.13 3 4.70 4.81 13.0 2700 2700 7000
toilet_a_10_01.14 3 11.77 11.88 20.0 2700 2700 7000
toilet_a_10_01.15 3 50.67 50.73 29.0 2700 2700 7000
toilet_a_10_01.16 3 231.38 231.44 57.0 2700 2700 7000
toilet_a_10_01.17 3 1380.77 1380.88 130.0 2700 2700 7000
toilet_a_10_01.18 1 2699.95 2700.11 168.0 2700 2700 7000
toilet_a_10_01.19 1 2699.95 2700.12 174.0 2700 2700 7000
toilet_a_10_01.2 3 0.00 0.05 0.0 2700 2700 7000
toilet_a_10_01.20 3 0.70 0.79 10.0 2700 2700 7000
toilet_a_10_01.3 3 0.00 0.08 0.0 2700 2700 7000
toilet_a_10_01.4 3 0.00 0.05 0.0 2700 2700 7000
toilet_a_10_01.5 3 0.00 0.06 0.0 2700 2700 7000
toilet_a_10_01.6 3 0.00 0.06 0.0 2700 2700 7000
toilet_a_10_01.7 3 0.00 0.05 0.0 2700 2700 7000
toilet_a_10_01.8 3 0.00 0.06 0.0 2700 2700 7000
toilet_a_10_01.9 3 0.00 0.06 0.0 2700 2700 7000
toilet_a_10_05.2 3 0.00 0.06 0.0 2700 2700 7000
toilet_a_10_05.3 3 0.18 0.21 7.0 2700 2700 7000
toilet_a_10_05.4 3 0.39 0.50 7.0 2700 2700 7000
toilet_c_02_01.2 3 0.00 0.04 0.0 2700 2700 7000
toilet_c_02_01.3 3 0.00 0.01 0.0 2700 2700 7000
toilet_c_04_01.2 3 0.00 0.01 0.0 2700 2700 7000
toilet_c_04_01.3 3 0.00 0.03 0.0 2700 2700 7000
toilet_c_04_01.4 3 0.00 0.01 0.0 2700 2700 7000
toilet_c_04_01.5 3 0.00 0.01 0.0 2700 2700 7000
toilet_c_04_01.6 3 0.00 0.03 0.0 2700 2700 7000
toilet_c_04_01.7 3 0.00 0.02 0.0 2700 2700 7000
toilet_c_04_01.8 3 0.00 0.03 0.0 2700 2700 7000
toilet_c_06_01.10 3 0.00 0.05 0.0 2700 2700 7000
toilet_c_06_01.11 3 0.00 0.07 0.0 2700 2700 7000
toilet_c_06_01.12 3 0.00 0.01 0.0 2700 2700 7000
toilet_c_06_01.2 3 0.00 0.01 0.0 2700 2700 7000
toilet_c_06_01.3 3 0.00 0.01 0.0 2700 2700 7000
toilet_c_06_01.4 3 0.00 0.04 0.0 2700 2700 7000
toilet_c_06_01.5 3 0.00 0.04 0.0 2700 2700 7000
toilet_c_06_01.6 3 0.00 0.04 0.0 2700 2700 7000
toilet_c_06_01.7 3 0.00 0.03 0.0 2700 2700 7000
toilet_c_06_01.8 3 0.00 0.02 0.0 2700 2700 7000
toilet_c_06_01.9 3 0.00 0.04 0.0 2700 2700 7000
toilet_c_06_05.2 3 0.00 0.04 0.0 2700 2700 7000
toilet_c_06_05.3 3 0.11 0.12 6.0 2700 2700 7000
toilet_c_06_05.4 3 0.00 0.03 0.0 2700 2700 7000
toilet_c_08_01.10 3 0.00 0.06 0.0 2700 2700 7000
toilet_c_08_01.11 3 0.00 0.11 0.0 2700 2700 7000
toilet_c_08_01.12 3 0.81 0.86 6.0 2700 2700 7000
toilet_c_08_01.13 3 2.30 2.32 8.0 2700 2700 7000
toilet_c_08_01.14 3 7.80 7.86 11.0 2700 2700 7000
toilet_c_08_01.15 3 30.40 30.42 25.0 2700 2700 7000
toilet_c_08_01.16 3 0.00 0.02 0.0 2700 2700 7000
toilet_c_08_01.2 3 0.00 0.02 0.0 2700 2700 7000
toilet_c_08_01.3 3 0.00 0.02 0.0 2700 2700 7000
toilet_c_08_01.4 3 0.00 0.02 0.0 2700 2700 7000
toilet_c_08_01.5 3 0.00 0.01 0.0 2700 2700 7000
toilet_c_08_01.6 3 0.00 0.01 0.0 2700 2700 7000
toilet_c_08_01.7 3 0.00 0.03 0.0 2700 2700 7000
toilet_c_08_01.8 3 0.00 0.02 0.0 2700 2700 7000
toilet_c_08_01.9 3 0.00 0.04 0.0 2700 2700 7000
toilet_c_08_05.10 3 0.00 0.06 0.0 2700 2700 7000
toilet_c_08_05.2 3 0.00 0.03 0.0 2700 2700 7000
toilet_c_08_05.3 3 0.11 0.19 5.0 2700 2700 7000
toilet_c_08_05.4 3 0.00 0.03 0.0 2700 2700 7000
toilet_c_08_05.5 3 0.00 0.05 0.0 2700 2700 7000
toilet_c_08_05.6 3 0.00 0.03 0.0 2700 2700 7000
toilet_c_08_05.7 3 0.00 0.05 0.0 2700 2700 7000
toilet_c_08_05.8 3 0.00 0.03 0.0 2700 2700 7000
toilet_c_08_05.9 3 0.00 0.06 0.0 2700 2700 7000
toilet_c_10_01.10 3 0.00 0.06 0.0 2700 2700 7000
toilet_c_10_01.11 3 0.00 0.11 0.0 2700 2700 7000
toilet_c_10_01.12 3 0.61 0.64 6.0 2700 2700 7000
toilet_c_10_01.13 3 2.70 2.72 8.0 2700 2700 7000
toilet_c_10_01.14 3 17.90 17.96 16.0 2700 2700 7000
toilet_c_10_01.15 3 35.19 35.29 23.0 2700 2700 7000
toilet_c_10_01.16 3 225.58 225.66 55.0 2700 2700 7000
toilet_c_10_01.17 3 1761.60 1761.68 127.0 2700 2700 7000
toilet_c_10_01.18 1 2699.98 2700.10 160.0 2700 2700 7000
toilet_c_10_01.19 1 2699.98 2700.10 142.0 2700 2700 7000
toilet_c_10_01.2 3 0.00 0.03 0.0 2700 2700 7000
toilet_c_10_01.20 3 0.00 0.05 0.0 2700 2700 7000
toilet_c_10_01.3 3 0.00 0.02 0.0 2700 2700 7000
toilet_c_10_01.4 3 0.00 0.02 0.0 2700 2700 7000
toilet_c_10_01.5 3 0.00 0.02 0.0 2700 2700 7000
toilet_c_10_01.6 3 0.00 0.01 0.0 2700 2700 7000
toilet_c_10_01.7 3 0.00 0.03 0.0 2700 2700 7000
toilet_c_10_01.8 3 0.00 0.03 0.0 2700 2700 7000
toilet_c_10_01.9 3 0.00 0.05 0.0 2700 2700 7000
toilet_c_10_05.10 3 0.00 0.05 0.0 2700 2700 7000
toilet_c_10_05.11 3 0.00 0.05 0.0 2700 2700 7000
toilet_c_10_05.12 3 0.00 0.09 0.0 2700 2700 7000
toilet_c_10_05.2 3 0.00 0.03 0.0 2700 2700 7000
toilet_c_10_05.3 3 0.10 0.18 5.0 2700 2700 7000
toilet_c_10_05.4 3 0.00 0.03 0.0 2700 2700 7000
toilet_c_10_05.5 3 0.00 0.05 0.0 2700 2700 7000
toilet_c_10_05.6 3 0.00 0.04 0.0 2700 2700 7000
toilet_c_10_05.7 3 0.00 0.04 0.0 2700 2700 7000
toilet_c_10_05.8 3 0.00 0.04 0.0 2700 2700 7000
toilet_c_10_05.9 3 0.00 0.04 0.0 2700 2700 7000
ttt_5x5-shape-1-GTTT-2-2-torus-0 1 2700.01 2700.12 186.0 2700 2700 7000
