filename result time real space tlim rlim slim
stmt16_0_1 3 35.68 35.99 54.0 12000 12000 7000
stmt16_47_48 3 7594.34 7594.81 4313.0 12000 12000 7000
stmt16_68_69 3 8031.75 8032.55 4311.0 12000 12000 7000
stmt16_76_77 3 7420.20 7420.50 4314.0 12000 12000 7000
stmt17_143_144 3 4192.32 4192.63 638.0 12000 12000 7000
stmt17_18_19 3 1115.39 1115.42 324.0 12000 12000 7000
stmt17_99_98 3 7159.38 7159.54 4310.0 12000 12000 7000
stmt1_145_146 3 0.00 0.31 5.0 12000 12000 7000
stmt1_20_21 3 0.00 0.25 4.0 12000 12000 7000
stmt1_30_31 3 0.00 0.30 5.0 12000 12000 7000
stmt1_60_61 3 8282.62 8282.82 4332.0 12000 12000 7000
stmt1_79_80 3 8756.25 8756.44 4341.0 12000 12000 7000
stmt1_811_812 3 24.00 24.06 30.0 12000 12000 7000
stmt24_148_149 3 0.00 0.22 6.0 12000 12000 7000
stmt24_7_8 3 0.00 0.01 0.0 12000 12000 7000
stmt25_52_53 3 9081.98 9082.13 4345.0 12000 12000 7000
stmt27_93_98 3 8679.20 8679.38 4331.0 12000 12000 7000
stmt2_976_999 3 0.00 0.01 0.0 12000 12000 7000
stmt32_122_129 3 0.00 0.11 0.0 12000 12000 7000
stmt3_969_973 3 3170.20 3170.27 488.0 12000 12000 7000
stmt44_107_108 3 0.00 0.01 0.0 12000 12000 7000
stmt44_107_113 3 0.00 0.01 0.0 12000 12000 7000
stmt6_13_14 3 0.00 0.03 0.0 12000 12000 7000
