filename result time real space tlim rlim slim
stmt11_643_645 3 3275.73 3275.72 38.0 12000 12000 7000
stmt16_0_1 3 0.90 0.92 4.0 12000 12000 7000
stmt17_143_144 3 25.60 25.62 9.0 12000 12000 7000
stmt17_18_19 3 8.20 8.30 7.0 12000 12000 7000
stmt18_258_260 3 7319.87 7319.94 57.0 12000 12000 7000
stmt1_145_146 3 0.00 0.01 0.0 12000 12000 7000
stmt1_20_21 3 0.00 0.01 0.0 12000 12000 7000
stmt1_30_31 3 0.00 0.01 0.0 12000 12000 7000
stmt1_392_393 3 2484.74 2485.52 35.0 12000 12000 7000
stmt1_811_812 3 0.91 0.95 5.0 12000 12000 7000
stmt24_148_149 3 0.00 0.01 0.0 12000 12000 7000
stmt24_7_8 3 0.00 0.01 0.0 12000 12000 7000
stmt32_122_129 3 0.00 0.01 0.0 12000 12000 7000
stmt3_639_640 3 91.31 91.35 12.0 12000 12000 7000
stmt3_969_973 3 7.50 7.57 7.0 12000 12000 7000
stmt44_107_108 3 0.00 0.01 0.0 12000 12000 7000
stmt44_107_113 3 0.00 0.01 0.0 12000 12000 7000
stmt44_252_301 3 6503.85 6503.72 58.0 12000 12000 7000
stmt6_13_14 3 0.00 0.01 0.0 12000 12000 7000
stmt70_191_213 3 3057.72 3057.79 41.0 12000 12000 7000
stmt9_350_351 3 1022.91 1022.97 25.0 12000 12000 7000
