filename ro to rr tr 
2qbf-5cnf-100var-400cl.1 3 0.01 3 0.01 
2qbf-5cnf-150var-300cl.1 3 0.05 3 0.01 
2qbf-5cnf-150var-300cl.2 3 0.01 3 0.01 
2qbf-5cnf-150var-600cl.1 3 0.01 3 0.03 
2qbf-5cnf-150var-600cl.2 3 0.01 3 0.01 
2qbf-5cnf-50var-300cl.2 3 0.01 3 0.01 
3qbf-5cnf-100var-1200cl.1 3 0.01 3 0.01 
3qbf-5cnf-100var-1200cl.2 3 0.01 3 0.01 
3qbf-5cnf-100var-400cl.1 3 0.01 3 0.01 
3qbf-5cnf-100var-400cl.2 3 0.01 3 0.01 
3qbf-5cnf-150var-1200cl.1 3 0.01 3 0.01 
3qbf-5cnf-150var-1200cl.2 3 0.01 3 0.01 
3qbf-5cnf-150var-1500cl.1 3 0.02 3 0.03 
3qbf-5cnf-150var-1500cl.2 3 0.01 3 0.01 
4qbf-5cnf-100var-1000cl.2 3 0.04 3 0.04 
4qbf-5cnf-100var-1600cl.2 3 0.04 3 0.06 
4qbf-5cnf-100var-600cl.1 1 2700.11 1 2700.11 
4qbf-5cnf-100var-600cl.2 1 2700.10 1 2700.11 
4qbf-5cnf-100var-800cl.2 3 0.01 3 0.02 
4qbf-5cnf-150var-1500cl.1 3 0.02 3 0.02 
4qbf-5cnf-150var-1500cl.2 3 0.02 3 0.02 
4qbf-5cnf-150var-1800cl.2 3 0.05 3 0.10 
4qbf-5cnf-150var-600cl.1 3 0.01 3 0.02 
4qbf-5cnf-150var-600cl.2 3 0.02 3 0.01 
4qbf-5cnf-150var-900cl.2 3 0.02 1 2700.11 
4qbf-5cnf-50var-200cl.1 3 0.01 3 0.01 
4qbf-5cnf-50var-200cl.2 3 0.01 3 0.02 
4qbf-5cnf-50var-300cl.1 1 2700.10 1 2700.11 
4qbf-5cnf-50var-500cl.1 3 0.01 3 0.01 
4qbf-5cnf-50var-500cl.2 3 0.02 3 0.02 
4qbf-5cnf-50var-700cl.1 3 0.01 3 0.01 
4qbf-5cnf-50var-900cl.2 3 0.01 3 0.02 
5qbf-5cnf-100var-1000cl.2 1 2700.11 1 2700.11 
5qbf-5cnf-100var-1400cl.1 3 0.01 3 0.02 
5qbf-5cnf-100var-1400cl.2 3 0.01 3 0.01 
5qbf-5cnf-100var-800cl.1 3 0.02 3 0.01 
5qbf-5cnf-100var-800cl.2 3 0.02 3 0.02 
5qbf-5cnf-150var-1800cl.1 3 0.02 3 0.04 
5qbf-5cnf-150var-1800cl.2 3 0.02 3 0.02 
5qbf-5cnf-150var-2100cl.1 3 0.02 3 0.03 
5qbf-5cnf-150var-2100cl.2 3 0.02 3 0.02 
5qbf-5cnf-150var-600cl.1 3 0.02 3 0.01 
5qbf-5cnf-150var-600cl.2 3 0.02 3 0.03 
5qbf-5cnf-50var-300cl.1 3 0.01 3 0.01 
5qbf-5cnf-50var-300cl.2 3 0.01 3 0.02 
5qbf-5cnf-50var-800cl.2 3 0.01 3 0.01 
ActivityService 1 2700.10 1 2700.11 
ActivityService2 1 2700.10 1 2700.11 
GuidanceService 1 2700.11 1 2700.11 
GuidanceService2 1 2700.11 1 2700.11 
PhaseService 1 2700.12 1 2700.13 
arbiter-08-comp-error02-qbf-hardness-depth-9 1 2700.13 1 2700.12 
b20_C_3_2 1 2700.13 1 2700.13 
b21_C_3_206 1 2700.11 1 2700.11 
bobsm5378d2 1 2700.11 1 2700.12 
bobsm9234 1 2700.11 1 2700.14 
bobsmhdlc 1 2700.11 1 2700.11 
bobsmhdlc1 1 2700.10 1 2700.11 
bobsmhdlc2 1 2700.10 1 2700.11 
bobsmhdlc3 1 2700.11 1 2700.11 
bobtuint31neg 3 0.02 3 0.03 
c1_Debug_s3_f2_e1_v2 2 2213.41 2 2242.92 
ceiling128 1 2700.11 1 2700.11 
ceiling256 1 2700.10 1 2700.11 
ceiling32 3 0.01 3 0.01 
decomposition128 3 0.03 3 0.01 
decomposition32 3 0.02 3 0.01 
dungeon_i15-m7-u4-v0.pddl_planlen=168 1 2700.12 1 2700.14 
dungeon_i15-m7-u4-v0.pddl_planlen=81 1 2700.12 1 2700.14 
eijkbs1512 1 2700.12 1 2700.11 
eijkbs3330 1 2700.13 1 2700.11 
eijkbs4863 1 2700.11 1 2700.11 
equalization32 3 0.01 3 0.01 
filesys_smbmrx_midatlas.c 1 2700.11 1 2700.11 
floor128 3 0.02 3 0.02 
floor256 3 0.03 3 0.03 
floor32 3 0.01 3 0.01 
hex_hein_4x4_06 3 97.40 3 81.31 
hex_hein_4x4_07 3 225.03 3 322.07 
hex_hein_4x4_12 3 8.68 3 7.73 
hex_rand_6x6-20m-4 3 30.98 3 25.39 
intermediate128 1 2700.15 1 2700.12 
intermediate32 1 2700.14 1 2700.13 
kenflashp01 3 0.01 3 0.01 
kenflashp02 3 0.01 3 0.02 
kenflashp04 3 0.01 3 0.01 
kenflashp12 3 0.01 3 0.01 
kenoopp1 3 0.01 3 0.01 
kmdf_pcidrv_sys_hw_physet.c 3 22.89 3 8.02 
lights3_021_1_022 3 53.42 3 53.19 
lights3_021_1_033 3 90.64 3 93.88 
lights3_035_1_021 3 0.06 3 0.06 
lights3_035_1_032 3 538.00 3 541.77 
lights3_035_1_059 1 2700.13 1 2700.12 
network_ndis_rtlnwifi_hw_hw_ccmp.c 1 2700.11 1 2700.14 
pdtpmsgigamax 1 2700.14 1 2700.12 
pdtpmsmiim 1 2700.11 1 2700.13 
pdtpmsrotate32 1 2700.14 1 2700.13 
s05378_PR_4_90 3 0.07 3 0.06 
s1196_1_5 1 2700.11 3 2452.75 
s13207_1_107 3 3.02 3 0.86 
s3330_1_70 3 0.37 3 0.18 
s38584_3_238 3 148.45 3 263.60 
s5378_1_0 3 0.58 3 0.32 
sortnetsort9.v.stepl.005 1 2700.14 1 2700.13 
stmt11_643_645 1 2700.11 1 2700.11 
stmt124_966_965 1 2700.11 1 2700.11 
stmt137_542_543 1 2700.10 1 2700.11 
stmt137_903_911 1 2700.10 1 2700.11 
stmt16_0_1 3 0.90 3 0.89 
stmt16_285_286 1 2700.13 1 2700.15 
stmt16_47_48 1 2700.12 1 2700.14 
stmt16_588_589 1 2700.14 1 2700.13 
stmt16_68_69 1 2700.11 1 2700.14 
stmt16_76_77 1 2700.14 1 2700.11 
stmt16_818_819 1 2700.11 1 2700.11 
stmt16_950_951 1 2700.11 1 2700.11 
stmt17_143_144 3 25.27 3 25.32 
stmt17_18_19 3 8.22 3 8.12 
stmt17_99_98 1 2700.11 1 2700.10 
stmt18_258_260 1 2700.11 1 2700.14 
stmt19_83_412 3 409.56 3 424.09 
stmt1_145_146 3 0.01 3 0.02 
stmt1_20_21 3 0.01 3 0.01 
stmt1_30_31 3 0.01 3 0.01 
stmt1_392_393 3 2447.48 3 2652.07 
stmt1_60_61 1 2700.14 1 2700.14 
stmt1_629_630 1 2700.12 1 2700.14 
stmt1_787_788 1 2700.11 1 2700.11 
stmt1_79_80 1 2700.10 1 2700.10 
stmt1_811_812 3 0.92 3 0.93 
stmt1_919_920 1 2700.14 1 2700.12 
stmt1_953_954 1 2700.11 1 2700.15 
stmt21_181_369 3 0.33 3 0.31 
stmt21_326_327 1 2700.14 1 2700.13 
stmt24_148_149 3 0.01 3 0.01 
stmt24_292_293 1 2700.11 1 2700.12 
stmt24_765_766 1 2700.14 1 2700.12 
stmt24_7_8 3 0.01 3 0.01 
stmt25_52_53 1 2700.11 1 2700.12 
stmt25_597_598 1 2700.10 1 2700.11 
stmt27_296_297 1 2700.11 1 2700.11 
stmt27_584_603 1 2700.11 1 2700.13 
stmt27_93_98 1 2700.13 1 2700.12 
stmt27_946_955 1 2700.11 1 2700.11 
stmt29_226_376 3 0.38 3 0.42 
stmt2_480_551 1 2700.11 1 2700.11 
stmt2_649_647 1 2700.10 1 2700.11 
stmt2_649_723 1 2700.11 1 2700.11 
stmt2_649_776 1 2700.14 1 2700.14 
stmt2_976_999 1 2700.11 6 0.35 
stmt32_122_129 3 0.01 3 0.01 
stmt32_570_572 1 2700.10 1 2700.11 
stmt37_941_942 1 2700.10 1 2700.10 
stmt38_943_942 1 2700.10 1 2700.11 
stmt3_639_640 3 92.16 3 94.51 
stmt3_969_973 3 7.50 3 7.69 
stmt41_118_131 1 2700.11 1 2700.10 
stmt41_262_275 1 2700.10 1 2700.11 
stmt41_566_580 1 2700.10 1 2700.10 
stmt41_738_737 1 2700.13 1 2700.11 
stmt41_738_749 1 2700.11 1 2700.11 
stmt44_107_108 3 0.01 3 0.01 
stmt44_107_113 3 0.01 3 0.01 
stmt44_252_301 1 2700.12 1 2700.12 
stmt44_435_436 1 2700.11 1 2700.12 
stmt44_554_555 1 2700.12 1 2700.11 
stmt44_554_604 1 2700.12 1 2700.12 
stmt44_726_773 1 2700.11 1 2700.12 
stmt44_916_917 1 2700.11 1 2700.12 
stmt5_731_730 1 2700.10 1 2700.12 
stmt6_13_14 3 0.01 3 0.01 
stmt70_191_213 1 2700.13 1 2700.11 
stmt70_495_501 1 2700.11 1 2700.11 
stmt70_854_859 1 2700.11 1 2700.13 
stmt72_696_721 1 2700.12 1 2700.10 
stmt82_224_225 1 2700.14 1 2700.13 
stmt86_889_890 1 2700.12 1 2700.13 
stmt9_350_351 3 958.56 3 998.04 
stmt9_445_446 1 2700.13 1 2700.15 
toilet_a_02_01.2 3 0.02 3 0.01 
toilet_a_02_01.3 3 0.01 3 0.02 
toilet_a_04_01.2 3 0.01 3 0.01 
toilet_a_04_01.3 3 0.01 3 0.01 
toilet_a_04_01.4 3 0.01 3 0.01 
toilet_a_04_01.5 3 0.01 3 0.01 
toilet_a_04_01.6 3 0.01 3 0.01 
toilet_a_04_01.7 3 0.01 3 0.01 
toilet_a_04_01.8 3 0.01 3 0.01 
toilet_a_06_01.10 3 0.05 3 0.05 
toilet_a_06_01.11 3 0.10 3 0.10 
toilet_a_06_01.12 3 0.01 3 0.01 
toilet_a_06_01.2 3 0.01 3 0.03 
toilet_a_06_01.3 3 0.01 3 0.05 
toilet_a_06_01.4 3 0.02 3 0.02 
toilet_a_06_01.5 3 0.01 3 0.02 
toilet_a_06_01.6 3 0.01 3 0.02 
toilet_a_06_01.7 3 0.02 3 0.01 
toilet_a_06_01.8 3 0.02 3 0.02 
toilet_a_06_01.9 3 0.02 3 0.02 
toilet_a_06_05.2 3 0.01 3 0.02 
toilet_a_06_05.3 3 0.38 3 0.38 
toilet_a_08_01.10 3 0.05 3 0.05 
toilet_a_08_01.11 3 0.11 3 0.10 
toilet_a_08_01.12 3 0.78 3 0.79 
toilet_a_08_01.13 3 2.31 3 2.48 
toilet_a_08_01.14 3 6.44 3 6.92 
toilet_a_08_01.15 3 26.90 3 22.22 
toilet_a_08_01.16 3 0.10 3 0.11 
toilet_a_08_01.2 3 0.02 3 0.04 
toilet_a_08_01.3 3 0.02 3 0.02 
toilet_a_08_01.4 3 0.02 3 0.02 
toilet_a_08_01.5 3 0.02 3 0.02 
toilet_a_08_01.6 3 0.02 3 0.02 
toilet_a_08_01.7 3 0.02 3 0.02 
toilet_a_08_01.8 3 0.03 3 0.03 
toilet_a_08_01.9 3 0.03 3 0.03 
toilet_a_08_05.10 3 0.15 3 0.14 
toilet_a_08_05.2 3 0.02 3 0.02 
toilet_a_08_05.3 3 0.43 3 0.41 
toilet_a_08_05.4 3 0.10 3 0.07 
toilet_a_08_05.5 3 0.09 3 0.08 
toilet_a_08_05.6 3 0.10 3 0.09 
toilet_a_08_05.7 3 0.11 3 0.12 
toilet_a_08_05.8 3 0.13 3 0.15 
toilet_a_08_05.9 3 0.13 3 0.14 
toilet_a_10_01.10 3 0.10 3 0.09 
toilet_a_10_01.11 3 0.17 3 0.17 
toilet_a_10_01.12 3 2.51 3 2.57 
toilet_a_10_01.13 3 7.32 3 7.75 
toilet_a_10_01.14 3 17.22 3 16.96 
toilet_a_10_01.15 3 41.44 3 41.61 
toilet_a_10_01.16 3 114.93 3 119.17 
toilet_a_10_01.17 3 555.89 3 714.51 
toilet_a_10_01.18 1 2700.10 1 2700.15 
toilet_a_10_01.19 1 2700.10 1 2700.13 
toilet_a_10_01.2 3 0.05 3 0.08 
toilet_a_10_01.20 3 1.00 3 1.00 
toilet_a_10_01.3 3 0.07 3 0.05 
toilet_a_10_01.4 3 0.07 3 0.05 
toilet_a_10_01.5 3 0.08 3 0.09 
toilet_a_10_01.6 3 0.08 3 0.08 
toilet_a_10_01.7 3 0.06 3 0.07 
toilet_a_10_01.8 3 0.07 3 0.06 
toilet_a_10_01.9 3 0.07 3 0.07 
toilet_a_10_05.2 3 0.07 3 0.08 
toilet_a_10_05.3 3 1.04 3 0.98 
toilet_a_10_05.4 3 0.90 3 0.86 
toilet_c_02_01.2 3 0.01 3 0.01 
toilet_c_02_01.3 3 0.01 3 0.01 
toilet_c_04_01.2 3 0.01 3 0.01 
toilet_c_04_01.3 3 0.01 3 0.01 
toilet_c_04_01.4 3 0.01 3 0.01 
toilet_c_04_01.5 3 0.01 3 0.01 
toilet_c_04_01.6 3 0.01 3 0.01 
toilet_c_04_01.7 3 0.01 3 0.01 
toilet_c_04_01.8 3 0.02 3 0.02 
toilet_c_06_01.10 3 0.05 3 0.07 
toilet_c_06_01.11 3 0.12 3 0.11 
toilet_c_06_01.12 3 0.01 3 0.01 
toilet_c_06_01.2 3 0.01 3 0.01 
toilet_c_06_01.3 3 0.01 3 0.01 
toilet_c_06_01.4 3 0.01 3 0.01 
toilet_c_06_01.5 3 0.01 3 0.01 
toilet_c_06_01.6 3 0.01 3 0.01 
toilet_c_06_01.7 3 0.01 3 0.01 
toilet_c_06_01.8 3 0.01 3 0.02 
toilet_c_06_01.9 3 0.02 3 0.02 
toilet_c_06_05.2 3 0.01 3 0.01 
toilet_c_06_05.3 3 0.30 3 0.33 
toilet_c_06_05.4 3 0.01 3 0.01 
toilet_c_08_01.10 3 0.05 3 0.06 
toilet_c_08_01.11 3 0.16 3 0.16 
toilet_c_08_01.12 3 0.52 3 0.50 
toilet_c_08_01.13 3 1.40 3 1.37 
toilet_c_08_01.14 3 5.72 3 5.67 
toilet_c_08_01.15 3 15.38 3 15.39 
toilet_c_08_01.16 3 0.02 3 0.02 
toilet_c_08_01.2 3 0.01 3 0.01 
toilet_c_08_01.3 3 0.01 3 0.01 
toilet_c_08_01.4 3 0.01 3 0.01 
toilet_c_08_01.5 3 0.01 3 0.01 
toilet_c_08_01.6 3 0.01 3 0.01 
toilet_c_08_01.7 3 0.01 3 0.01 
toilet_c_08_01.8 3 0.01 3 0.01 
toilet_c_08_01.9 3 0.02 3 0.02 
toilet_c_08_05.10 3 0.04 3 0.03 
toilet_c_08_05.2 3 0.01 3 0.01 
toilet_c_08_05.3 3 0.43 3 0.40 
toilet_c_08_05.4 3 0.02 3 0.02 
toilet_c_08_05.5 3 0.02 3 0.02 
toilet_c_08_05.6 3 0.02 3 0.02 
toilet_c_08_05.7 3 0.02 3 0.03 
toilet_c_08_05.8 3 0.03 3 0.03 
toilet_c_08_05.9 3 0.03 3 0.03 
toilet_c_10_01.10 3 0.07 3 0.06 
toilet_c_10_01.11 3 0.12 3 0.14 
toilet_c_10_01.12 3 0.69 3 0.65 
toilet_c_10_01.13 3 1.36 3 1.42 
toilet_c_10_01.14 3 7.34 3 7.49 
toilet_c_10_01.15 3 18.93 3 19.34 
toilet_c_10_01.16 3 140.57 3 141.63 
toilet_c_10_01.17 3 445.65 3 743.65 
toilet_c_10_01.18 1 2700.13 1 2700.15 
toilet_c_10_01.19 1 2700.10 1 2700.12 
toilet_c_10_01.2 3 0.02 3 0.02 
toilet_c_10_01.20 3 0.04 3 0.02 
toilet_c_10_01.3 3 0.01 3 0.01 
toilet_c_10_01.4 3 0.01 3 0.02 
toilet_c_10_01.5 3 0.01 3 0.01 
toilet_c_10_01.6 3 0.01 3 0.01 
toilet_c_10_01.7 3 0.01 3 0.02 
toilet_c_10_01.8 3 0.02 3 0.01 
toilet_c_10_01.9 3 0.02 3 0.03 
toilet_c_10_05.10 3 0.04 3 0.04 
toilet_c_10_05.11 3 0.04 3 0.04 
toilet_c_10_05.12 3 0.04 3 0.05 
toilet_c_10_05.2 3 0.01 3 0.01 
toilet_c_10_05.3 3 0.32 3 0.47 
toilet_c_10_05.4 3 0.02 3 0.02 
toilet_c_10_05.5 3 0.03 3 0.02 
toilet_c_10_05.6 3 0.03 3 0.03 
toilet_c_10_05.7 3 0.03 3 0.03 
toilet_c_10_05.8 3 0.03 3 0.03 
toilet_c_10_05.9 3 0.05 3 0.05 
ttt_5x5-shape-1-GTTT-2-2-torus-0 3 106.25 3 108.72 
