 result time real space tlim rlim slim
2qbf-5cnf-100var-400cl.1 3 0.00 0.01 0.0 2700 2700 7000
2qbf-5cnf-150var-300cl.1 3 0.00 0.01 0.0 2700 2700 7000
2qbf-5cnf-150var-300cl.2 3 0.00 0.01 0.0 2700 2700 7000
2qbf-5cnf-150var-600cl.1 3 0.00 0.03 0.0 2700 2700 7000
2qbf-5cnf-150var-600cl.2 3 0.00 0.01 0.0 2700 2700 7000
2qbf-5cnf-50var-300cl.2 3 0.00 0.01 0.0 2700 2700 7000
3qbf-5cnf-100var-1200cl.1 3 0.00 0.01 0.0 2700 2700 7000
3qbf-5cnf-100var-1200cl.2 3 0.00 0.01 0.0 2700 2700 7000
3qbf-5cnf-100var-400cl.1 3 0.00 0.01 0.0 2700 2700 7000
3qbf-5cnf-100var-400cl.2 3 0.00 0.01 0.0 2700 2700 7000
3qbf-5cnf-150var-1200cl.1 3 0.00 0.01 0.0 2700 2700 7000
3qbf-5cnf-150var-1200cl.2 3 0.00 0.01 0.0 2700 2700 7000
3qbf-5cnf-150var-1500cl.1 3 0.00 0.03 0.0 2700 2700 7000
3qbf-5cnf-150var-1500cl.2 3 0.00 0.01 0.0 2700 2700 7000
4qbf-5cnf-100var-1000cl.2 3 0.00 0.04 0.0 2700 2700 7000
4qbf-5cnf-100var-1600cl.2 3 0.00 0.06 0.0 2700 2700 7000
4qbf-5cnf-100var-600cl.1 1 2699.98 2700.11 79.0 2700 2700 7000
4qbf-5cnf-100var-600cl.2 1 2699.98 2700.11 80.0 2700 2700 7000
4qbf-5cnf-100var-800cl.2 3 0.00 0.02 0.0 2700 2700 7000
4qbf-5cnf-150var-1500cl.1 3 0.00 0.02 0.0 2700 2700 7000
4qbf-5cnf-150var-1500cl.2 3 0.00 0.02 0.0 2700 2700 7000
4qbf-5cnf-150var-1800cl.2 3 0.00 0.10 0.0 2700 2700 7000
4qbf-5cnf-150var-600cl.1 3 0.00 0.02 0.0 2700 2700 7000
4qbf-5cnf-150var-600cl.2 3 0.00 0.01 0.0 2700 2700 7000
4qbf-5cnf-150var-900cl.2 1 2699.98 2700.11 87.0 2700 2700 7000
4qbf-5cnf-50var-200cl.1 3 0.00 0.01 0.0 2700 2700 7000
4qbf-5cnf-50var-200cl.2 3 0.00 0.02 0.0 2700 2700 7000
4qbf-5cnf-50var-300cl.1 1 2699.98 2700.11 84.0 2700 2700 7000
4qbf-5cnf-50var-500cl.1 3 0.00 0.01 0.0 2700 2700 7000
4qbf-5cnf-50var-500cl.2 3 0.00 0.02 0.0 2700 2700 7000
4qbf-5cnf-50var-700cl.1 3 0.00 0.01 0.0 2700 2700 7000
4qbf-5cnf-50var-900cl.2 3 0.00 0.02 0.0 2700 2700 7000
5qbf-5cnf-100var-1000cl.2 1 2699.98 2700.11 124.0 2700 2700 7000
5qbf-5cnf-100var-1400cl.1 3 0.00 0.02 0.0 2700 2700 7000
5qbf-5cnf-100var-1400cl.2 3 0.00 0.01 0.0 2700 2700 7000
5qbf-5cnf-100var-800cl.1 3 0.00 0.01 0.0 2700 2700 7000
5qbf-5cnf-100var-800cl.2 3 0.00 0.02 0.0 2700 2700 7000
5qbf-5cnf-150var-1800cl.1 3 0.00 0.04 0.0 2700 2700 7000
5qbf-5cnf-150var-1800cl.2 3 0.00 0.02 0.0 2700 2700 7000
5qbf-5cnf-150var-2100cl.1 3 0.00 0.03 0.0 2700 2700 7000
5qbf-5cnf-150var-2100cl.2 3 0.00 0.02 0.0 2700 2700 7000
5qbf-5cnf-150var-600cl.1 3 0.00 0.01 0.0 2700 2700 7000
5qbf-5cnf-150var-600cl.2 3 0.00 0.03 0.0 2700 2700 7000
5qbf-5cnf-50var-300cl.1 3 0.00 0.01 0.0 2700 2700 7000
5qbf-5cnf-50var-300cl.2 3 0.00 0.02 0.0 2700 2700 7000
5qbf-5cnf-50var-800cl.2 3 0.00 0.01 0.0 2700 2700 7000
ActivityService 1 2699.98 2700.11 86.0 2700 2700 7000
ActivityService2 1 2699.93 2700.11 86.0 2700 2700 7000
GuidanceService 1 2696.98 2700.11 61.0 2700 2700 7000
GuidanceService2 1 2700.02 2700.11 61.0 2700 2700 7000
PhaseService 1 2700.01 2700.13 76.0 2700 2700 7000
arbiter-08-comp-error02-qbf-hardness-depth-9 1 2700.01 2700.12 71.0 2700 2700 7000
b20_C_3_2 1 2700.02 2700.13 877.0 2700 2700 7000
b21_C_3_206 1 2700.00 2700.11 1020.0 2700 2700 7000
bobsm5378d2 1 2700.02 2700.12 63.0 2700 2700 7000
bobsm9234 1 2696.52 2700.14 36.0 2700 2700 7000
bobsmhdlc 1 2700.01 2700.11 76.0 2700 2700 7000
bobsmhdlc1 1 2700.01 2700.11 57.0 2700 2700 7000
bobsmhdlc2 1 2700.02 2700.11 34.0 2700 2700 7000
bobsmhdlc3 1 2700.01 2700.11 60.0 2700 2700 7000
bobtuint31neg 3 0.00 0.03 0.0 2700 2700 7000
c1_Debug_s3_f2_e1_v2 2 2242.57 2242.92 7001.0 2700 2700 7000
ceiling128 1 2700.01 2700.11 86.0 2700 2700 7000
ceiling256 1 2700.01 2700.11 126.0 2700 2700 7000
ceiling32 3 0.00 0.01 0.0 2700 2700 7000
decomposition128 3 0.00 0.01 0.0 2700 2700 7000
decomposition32 3 0.00 0.01 0.0 2700 2700 7000
dungeon_i15-m7-u4-v0.pddl_planlen=168 1 2700.01 2700.14 583.0 2700 2700 7000
dungeon_i15-m7-u4-v0.pddl_planlen=81 1 2700.01 2700.14 432.0 2700 2700 7000
eijkbs1512 1 2700.03 2700.11 51.0 2700 2700 7000
eijkbs3330 1 2699.97 2700.11 46.0 2700 2700 7000
eijkbs4863 1 2699.91 2700.11 77.0 2700 2700 7000
equalization32 3 0.00 0.01 0.0 2700 2700 7000
filesys_smbmrx_midatlas.c 1 2700.02 2700.11 81.0 2700 2700 7000
floor128 3 0.00 0.02 0.0 2700 2700 7000
floor256 3 0.00 0.03 0.0 2700 2700 7000
floor32 3 0.00 0.01 0.0 2700 2700 7000
hex_hein_4x4_06 3 81.20 81.31 23.0 2700 2700 7000
hex_hein_4x4_07 3 322.01 322.07 37.0 2700 2700 7000
hex_hein_4x4_12 3 7.71 7.73 9.0 2700 2700 7000
hex_rand_6x6-20m-4 3 25.30 25.39 17.0 2700 2700 7000
intermediate128 1 2699.96 2700.12 96.0 2700 2700 7000
intermediate32 1 2699.99 2700.13 63.0 2700 2700 7000
kenflashp01 3 0.00 0.01 0.0 2700 2700 7000
kenflashp02 3 0.00 0.02 0.0 2700 2700 7000
kenflashp04 3 0.00 0.01 0.0 2700 2700 7000
kenflashp12 3 0.00 0.01 0.0 2700 2700 7000
kenoopp1 3 0.00 0.01 0.0 2700 2700 7000
kmdf_pcidrv_sys_hw_physet.c 3 8.00 8.02 18.0 2700 2700 7000
lights3_021_1_022 3 53.09 53.19 47.0 2700 2700 7000
lights3_021_1_033 3 93.80 93.88 61.0 2700 2700 7000
lights3_035_1_021 3 0.00 0.06 0.0 2700 2700 7000
lights3_035_1_032 3 541.70 541.77 185.0 2700 2700 7000
lights3_035_1_059 1 2700.00 2700.12 384.0 2700 2700 7000
network_ndis_rtlnwifi_hw_hw_ccmp.c 1 2700.00 2700.14 74.0 2700 2700 7000
pdtpmsgigamax 1 2699.99 2700.12 66.0 2700 2700 7000
pdtpmsmiim 1 2699.94 2700.13 57.0 2700 2700 7000
pdtpmsrotate32 1 2699.54 2700.13 45.0 2700 2700 7000
s05378_PR_4_90 3 0.00 0.06 0.0 2700 2700 7000
s1196_1_5 3 2452.71 2452.75 105.0 2700 2700 7000
s13207_1_107 3 0.80 0.86 18.0 2700 2700 7000
s3330_1_70 3 0.11 0.18 9.0 2700 2700 7000
s38584_3_238 3 263.50 263.60 80.0 2700 2700 7000
s5378_1_0 3 0.30 0.32 19.0 2700 2700 7000
sortnetsort9.v.stepl.005 1 2700.01 2700.13 134.0 2700 2700 7000
stmt11_643_645 1 2700.01 2700.11 34.0 2700 2700 7000
stmt124_966_965 1 2700.00 2700.11 35.0 2700 2700 7000
stmt137_542_543 1 2699.99 2700.11 34.0 2700 2700 7000
stmt137_903_911 1 2700.01 2700.11 34.0 2700 2700 7000
stmt16_0_1 3 0.81 0.89 4.0 2700 2700 7000
stmt16_285_286 1 2700.03 2700.15 41.0 2700 2700 7000
stmt16_47_48 1 2700.02 2700.14 47.0 2700 2700 7000
stmt16_588_589 1 2700.03 2700.13 30.0 2700 2700 7000
stmt16_68_69 1 2700.03 2700.14 45.0 2700 2700 7000
stmt16_76_77 1 2700.03 2700.11 42.0 2700 2700 7000
stmt16_818_819 1 2700.03 2700.11 44.0 2700 2700 7000
stmt16_950_951 1 2700.03 2700.11 36.0 2700 2700 7000
stmt17_143_144 3 25.31 25.32 9.0 2700 2700 7000
stmt17_18_19 3 8.10 8.12 7.0 2700 2700 7000
stmt17_99_98 1 2699.47 2700.10 45.0 2700 2700 7000
stmt18_258_260 1 2699.98 2700.14 37.0 2700 2700 7000
stmt19_83_412 3 424.00 424.09 24.0 2700 2700 7000
stmt1_145_146 3 0.00 0.02 0.0 2700 2700 7000
stmt1_20_21 3 0.00 0.01 0.0 2700 2700 7000
stmt1_30_31 3 0.00 0.01 0.0 2700 2700 7000
stmt1_392_393 3 2652.00 2652.07 35.0 2700 2700 7000
stmt1_60_61 1 2699.96 2700.14 43.0 2700 2700 7000
stmt1_629_630 1 2700.04 2700.14 33.0 2700 2700 7000
stmt1_787_788 1 2700.03 2700.11 30.0 2700 2700 7000
stmt1_79_80 1 2700.04 2700.10 41.0 2700 2700 7000
stmt1_811_812 3 0.90 0.93 6.0 2700 2700 7000
stmt1_919_920 1 2700.00 2700.12 34.0 2700 2700 7000
stmt1_953_954 1 2699.91 2700.15 37.0 2700 2700 7000
stmt21_181_369 3 0.20 0.31 17.0 2700 2700 7000
stmt21_326_327 1 2700.00 2700.13 31.0 2700 2700 7000
stmt24_148_149 3 0.00 0.01 0.0 2700 2700 7000
stmt24_292_293 1 2700.00 2700.12 36.0 2700 2700 7000
stmt24_765_766 1 2700.01 2700.12 35.0 2700 2700 7000
stmt24_7_8 3 0.00 0.01 0.0 2700 2700 7000
stmt25_52_53 1 2700.00 2700.12 49.0 2700 2700 7000
stmt25_597_598 1 2700.00 2700.11 36.0 2700 2700 7000
stmt27_296_297 1 2700.01 2700.11 37.0 2700 2700 7000
stmt27_584_603 1 2699.86 2700.13 32.0 2700 2700 7000
stmt27_93_98 1 2698.27 2700.12 52.0 2700 2700 7000
stmt27_946_955 1 2700.00 2700.11 42.0 2700 2700 7000
stmt29_226_376 3 0.39 0.42 18.0 2700 2700 7000
stmt2_480_551 1 2700.00 2700.11 38.0 2700 2700 7000
stmt2_649_647 1 2700.00 2700.11 39.0 2700 2700 7000
stmt2_649_723 1 2700.00 2700.11 38.0 2700 2700 7000
stmt2_649_776 1 2699.93 2700.14 38.0 2700 2700 7000
stmt2_976_999 6 0.00 0.35 1.0 2700 2700 7000
stmt32_122_129 3 0.00 0.01 0.0 2700 2700 7000
stmt32_570_572 1 2699.99 2700.11 36.0 2700 2700 7000
stmt37_941_942 1 2700.00 2700.10 33.0 2700 2700 7000
stmt38_943_942 1 2700.00 2700.11 28.0 2700 2700 7000
stmt3_639_640 3 94.41 94.51 12.0 2700 2700 7000
stmt3_969_973 3 7.60 7.69 7.0 2700 2700 7000
stmt41_118_131 1 2699.61 2700.10 61.0 2700 2700 7000
stmt41_262_275 1 2700.00 2700.11 37.0 2700 2700 7000
stmt41_566_580 1 2700.01 2700.10 32.0 2700 2700 7000
stmt41_738_737 1 2700.02 2700.11 36.0 2700 2700 7000
stmt41_738_749 1 2700.03 2700.11 34.0 2700 2700 7000
stmt44_107_108 3 0.00 0.01 0.0 2700 2700 7000
stmt44_107_113 3 0.00 0.01 0.0 2700 2700 7000
stmt44_252_301 1 2700.04 2700.12 37.0 2700 2700 7000
stmt44_435_436 1 2700.03 2700.12 36.0 2700 2700 7000
stmt44_554_555 1 2700.01 2700.11 35.0 2700 2700 7000
stmt44_554_604 1 2700.03 2700.12 33.0 2700 2700 7000
stmt44_726_773 1 2700.02 2700.12 35.0 2700 2700 7000
stmt44_916_917 1 2699.99 2700.12 35.0 2700 2700 7000
stmt5_731_730 1 2700.04 2700.12 35.0 2700 2700 7000
stmt6_13_14 3 0.00 0.01 0.0 2700 2700 7000
stmt70_191_213 1 2699.95 2700.11 36.0 2700 2700 7000
stmt70_495_501 1 2700.02 2700.11 33.0 2700 2700 7000
stmt70_854_859 1 2700.04 2700.13 36.0 2700 2700 7000
stmt72_696_721 1 2700.03 2700.10 34.0 2700 2700 7000
stmt82_224_225 1 2699.99 2700.13 35.0 2700 2700 7000
stmt86_889_890 1 2699.99 2700.13 33.0 2700 2700 7000
stmt9_350_351 3 997.97 998.04 25.0 2700 2700 7000
stmt9_445_446 1 2699.99 2700.15 38.0 2700 2700 7000
toilet_a_02_01.2 3 0.00 0.01 0.0 2700 2700 7000
toilet_a_02_01.3 3 0.00 0.02 0.0 2700 2700 7000
toilet_a_04_01.2 3 0.00 0.01 0.0 2700 2700 7000
toilet_a_04_01.3 3 0.00 0.01 0.0 2700 2700 7000
toilet_a_04_01.4 3 0.00 0.01 0.0 2700 2700 7000
toilet_a_04_01.5 3 0.00 0.01 0.0 2700 2700 7000
toilet_a_04_01.6 3 0.00 0.01 0.0 2700 2700 7000
toilet_a_04_01.7 3 0.00 0.01 0.0 2700 2700 7000
toilet_a_04_01.8 3 0.00 0.01 0.0 2700 2700 7000
toilet_a_06_01.10 3 0.00 0.05 0.0 2700 2700 7000
toilet_a_06_01.11 3 0.00 0.10 0.0 2700 2700 7000
toilet_a_06_01.12 3 0.00 0.01 0.0 2700 2700 7000
toilet_a_06_01.2 3 0.00 0.03 0.0 2700 2700 7000
toilet_a_06_01.3 3 0.00 0.05 0.0 2700 2700 7000
toilet_a_06_01.4 3 0.00 0.02 0.0 2700 2700 7000
toilet_a_06_01.5 3 0.00 0.02 0.0 2700 2700 7000
toilet_a_06_01.6 3 0.00 0.02 0.0 2700 2700 7000
toilet_a_06_01.7 3 0.00 0.01 0.0 2700 2700 7000
toilet_a_06_01.8 3 0.00 0.02 0.0 2700 2700 7000
toilet_a_06_01.9 3 0.00 0.02 0.0 2700 2700 7000
toilet_a_06_05.2 3 0.00 0.02 0.0 2700 2700 7000
toilet_a_06_05.3 3 0.29 0.38 5.0 2700 2700 7000
toilet_a_08_01.10 3 0.00 0.05 0.0 2700 2700 7000
toilet_a_08_01.11 3 0.00 0.10 0.0 2700 2700 7000
toilet_a_08_01.12 3 0.70 0.79 15.0 2700 2700 7000
toilet_a_08_01.13 3 2.41 2.48 16.0 2700 2700 7000
toilet_a_08_01.14 3 6.90 6.92 17.0 2700 2700 7000
toilet_a_08_01.15 3 22.20 22.22 20.0 2700 2700 7000
toilet_a_08_01.16 3 0.00 0.11 0.0 2700 2700 7000
toilet_a_08_01.2 3 0.00 0.04 0.0 2700 2700 7000
toilet_a_08_01.3 3 0.00 0.02 0.0 2700 2700 7000
toilet_a_08_01.4 3 0.00 0.02 0.0 2700 2700 7000
toilet_a_08_01.5 3 0.00 0.02 0.0 2700 2700 7000
toilet_a_08_01.6 3 0.00 0.02 0.0 2700 2700 7000
toilet_a_08_01.7 3 0.00 0.02 0.0 2700 2700 7000
toilet_a_08_01.8 3 0.00 0.03 0.0 2700 2700 7000
toilet_a_08_01.9 3 0.00 0.03 0.0 2700 2700 7000
toilet_a_08_05.10 3 0.10 0.14 8.0 2700 2700 7000
toilet_a_08_05.2 3 0.00 0.02 0.0 2700 2700 7000
toilet_a_08_05.3 3 0.40 0.41 13.0 2700 2700 7000
toilet_a_08_05.4 3 0.00 0.07 0.0 2700 2700 7000
toilet_a_08_05.5 3 0.00 0.08 0.0 2700 2700 7000
toilet_a_08_05.6 3 0.00 0.09 0.0 2700 2700 7000
toilet_a_08_05.7 3 0.10 0.12 7.0 2700 2700 7000
toilet_a_08_05.8 3 0.09 0.15 7.0 2700 2700 7000
toilet_a_08_05.9 3 0.11 0.14 8.0 2700 2700 7000
toilet_a_10_01.10 3 0.00 0.09 0.0 2700 2700 7000
toilet_a_10_01.11 3 0.10 0.17 13.0 2700 2700 7000
toilet_a_10_01.12 3 2.51 2.57 57.0 2700 2700 7000
toilet_a_10_01.13 3 7.70 7.75 61.0 2700 2700 7000
toilet_a_10_01.14 3 16.91 16.96 61.0 2700 2700 7000
toilet_a_10_01.15 3 41.50 41.61 61.0 2700 2700 7000
toilet_a_10_01.16 3 118.92 119.17 66.0 2700 2700 7000
toilet_a_10_01.17 3 714.40 714.51 85.0 2700 2700 7000
toilet_a_10_01.18 1 2700.01 2700.15 110.0 2700 2700 7000
toilet_a_10_01.19 1 2700.01 2700.13 131.0 2700 2700 7000
toilet_a_10_01.2 3 0.00 0.08 0.0 2700 2700 7000
toilet_a_10_01.20 3 0.90 1.00 15.0 2700 2700 7000
toilet_a_10_01.3 3 0.00 0.05 0.0 2700 2700 7000
toilet_a_10_01.4 3 0.00 0.05 0.0 2700 2700 7000
toilet_a_10_01.5 3 0.00 0.09 0.0 2700 2700 7000
toilet_a_10_01.6 3 0.00 0.08 0.0 2700 2700 7000
toilet_a_10_01.7 3 0.00 0.07 0.0 2700 2700 7000
toilet_a_10_01.8 3 0.00 0.06 0.0 2700 2700 7000
toilet_a_10_01.9 3 0.00 0.07 0.0 2700 2700 7000
toilet_a_10_05.2 3 0.00 0.08 0.0 2700 2700 7000
toilet_a_10_05.3 3 0.89 0.98 55.0 2700 2700 7000
toilet_a_10_05.4 3 0.79 0.86 14.0 2700 2700 7000
toilet_c_02_01.2 3 0.00 0.01 0.0 2700 2700 7000
toilet_c_02_01.3 3 0.00 0.01 0.0 2700 2700 7000
toilet_c_04_01.2 3 0.00 0.01 0.0 2700 2700 7000
toilet_c_04_01.3 3 0.00 0.01 0.0 2700 2700 7000
toilet_c_04_01.4 3 0.00 0.01 0.0 2700 2700 7000
toilet_c_04_01.5 3 0.00 0.01 0.0 2700 2700 7000
toilet_c_04_01.6 3 0.00 0.01 0.0 2700 2700 7000
toilet_c_04_01.7 3 0.00 0.01 0.0 2700 2700 7000
toilet_c_04_01.8 3 0.00 0.02 0.0 2700 2700 7000
toilet_c_06_01.10 3 0.00 0.07 0.0 2700 2700 7000
toilet_c_06_01.11 3 0.00 0.11 0.0 2700 2700 7000
toilet_c_06_01.12 3 0.00 0.01 0.0 2700 2700 7000
toilet_c_06_01.2 3 0.00 0.01 0.0 2700 2700 7000
toilet_c_06_01.3 3 0.00 0.01 0.0 2700 2700 7000
toilet_c_06_01.4 3 0.00 0.01 0.0 2700 2700 7000
toilet_c_06_01.5 3 0.00 0.01 0.0 2700 2700 7000
toilet_c_06_01.6 3 0.00 0.01 0.0 2700 2700 7000
toilet_c_06_01.7 3 0.00 0.01 0.0 2700 2700 7000
toilet_c_06_01.8 3 0.00 0.02 0.0 2700 2700 7000
toilet_c_06_01.9 3 0.00 0.02 0.0 2700 2700 7000
toilet_c_06_05.2 3 0.00 0.01 0.0 2700 2700 7000
toilet_c_06_05.3 3 0.30 0.33 6.0 2700 2700 7000
toilet_c_06_05.4 3 0.00 0.01 0.0 2700 2700 7000
toilet_c_08_01.10 3 0.00 0.06 0.0 2700 2700 7000
toilet_c_08_01.11 3 0.09 0.16 4.0 2700 2700 7000
toilet_c_08_01.12 3 0.40 0.50 7.0 2700 2700 7000
toilet_c_08_01.13 3 1.30 1.37 8.0 2700 2700 7000
toilet_c_08_01.14 3 5.60 5.67 13.0 2700 2700 7000
toilet_c_08_01.15 3 15.29 15.39 18.0 2700 2700 7000
toilet_c_08_01.16 3 0.00 0.02 0.0 2700 2700 7000
toilet_c_08_01.2 3 0.00 0.01 0.0 2700 2700 7000
toilet_c_08_01.3 3 0.00 0.01 0.0 2700 2700 7000
toilet_c_08_01.4 3 0.00 0.01 0.0 2700 2700 7000
toilet_c_08_01.5 3 0.00 0.01 0.0 2700 2700 7000
toilet_c_08_01.6 3 0.00 0.01 0.0 2700 2700 7000
toilet_c_08_01.7 3 0.00 0.01 0.0 2700 2700 7000
toilet_c_08_01.8 3 0.00 0.01 0.0 2700 2700 7000
toilet_c_08_01.9 3 0.00 0.02 0.0 2700 2700 7000
toilet_c_08_05.10 3 0.00 0.03 0.0 2700 2700 7000
toilet_c_08_05.2 3 0.00 0.01 0.0 2700 2700 7000
toilet_c_08_05.3 3 0.29 0.40 5.0 2700 2700 7000
toilet_c_08_05.4 3 0.00 0.02 0.0 2700 2700 7000
toilet_c_08_05.5 3 0.00 0.02 0.0 2700 2700 7000
toilet_c_08_05.6 3 0.00 0.02 0.0 2700 2700 7000
toilet_c_08_05.7 3 0.00 0.03 0.0 2700 2700 7000
toilet_c_08_05.8 3 0.00 0.03 0.0 2700 2700 7000
toilet_c_08_05.9 3 0.00 0.03 0.0 2700 2700 7000
toilet_c_10_01.10 3 0.00 0.06 0.0 2700 2700 7000
toilet_c_10_01.11 3 0.10 0.14 5.0 2700 2700 7000
toilet_c_10_01.12 3 0.61 0.65 8.0 2700 2700 7000
toilet_c_10_01.13 3 1.30 1.42 10.0 2700 2700 7000
toilet_c_10_01.14 3 7.40 7.49 15.0 2700 2700 7000
toilet_c_10_01.15 3 19.30 19.34 20.0 2700 2700 7000
toilet_c_10_01.16 3 141.60 141.63 53.0 2700 2700 7000
toilet_c_10_01.17 3 743.52 743.65 91.0 2700 2700 7000
toilet_c_10_01.18 1 2699.82 2700.15 124.0 2700 2700 7000
toilet_c_10_01.19 1 2700.01 2700.12 216.0 2700 2700 7000
toilet_c_10_01.2 3 0.00 0.02 0.0 2700 2700 7000
toilet_c_10_01.20 3 0.00 0.02 0.0 2700 2700 7000
toilet_c_10_01.3 3 0.00 0.01 0.0 2700 2700 7000
toilet_c_10_01.4 3 0.00 0.02 0.0 2700 2700 7000
toilet_c_10_01.5 3 0.00 0.01 0.0 2700 2700 7000
toilet_c_10_01.6 3 0.00 0.01 0.0 2700 2700 7000
toilet_c_10_01.7 3 0.00 0.02 0.0 2700 2700 7000
toilet_c_10_01.8 3 0.00 0.01 0.0 2700 2700 7000
toilet_c_10_01.9 3 0.00 0.03 0.0 2700 2700 7000
toilet_c_10_05.10 3 0.00 0.04 0.0 2700 2700 7000
toilet_c_10_05.11 3 0.00 0.04 0.0 2700 2700 7000
toilet_c_10_05.12 3 0.00 0.05 0.0 2700 2700 7000
toilet_c_10_05.2 3 0.00 0.01 0.0 2700 2700 7000
toilet_c_10_05.3 3 0.41 0.47 6.0 2700 2700 7000
toilet_c_10_05.4 3 0.00 0.02 0.0 2700 2700 7000
toilet_c_10_05.5 3 0.00 0.02 0.0 2700 2700 7000
toilet_c_10_05.6 3 0.00 0.03 0.0 2700 2700 7000
toilet_c_10_05.7 3 0.00 0.03 0.0 2700 2700 7000
toilet_c_10_05.8 3 0.00 0.03 0.0 2700 2700 7000
toilet_c_10_05.9 3 0.00 0.05 0.0 2700 2700 7000
ttt_5x5-shape-1-GTTT-2-2-torus-0 3 108.70 108.72 35.0 2700 2700 7000
