 result time real space tlim rlim slim
2qbf-5cnf-100var-400cl.1 3 0.00 0.03 0.0 2700 2700 7000
2qbf-5cnf-150var-300cl.1 3 0.00 0.04 0.0 2700 2700 7000
2qbf-5cnf-150var-300cl.2 3 0.00 0.02 0.0 2700 2700 7000
2qbf-5cnf-150var-600cl.1 3 0.00 0.02 0.0 2700 2700 7000
2qbf-5cnf-150var-600cl.2 3 0.00 0.04 0.0 2700 2700 7000
2qbf-5cnf-50var-300cl.2 3 0.00 0.05 0.0 2700 2700 7000
3qbf-5cnf-100var-1200cl.1 3 0.00 0.02 0.0 2700 2700 7000
3qbf-5cnf-100var-1200cl.2 3 0.00 0.02 0.0 2700 2700 7000
3qbf-5cnf-100var-400cl.1 3 0.00 0.02 0.0 2700 2700 7000
3qbf-5cnf-100var-400cl.2 3 0.00 0.03 0.0 2700 2700 7000
3qbf-5cnf-150var-1200cl.1 3 0.00 0.02 0.0 2700 2700 7000
3qbf-5cnf-150var-1200cl.2 3 0.00 0.03 0.0 2700 2700 7000
3qbf-5cnf-150var-1500cl.1 3 0.00 0.02 0.0 2700 2700 7000
3qbf-5cnf-150var-1500cl.2 3 0.00 0.02 0.0 2700 2700 7000
4qbf-5cnf-100var-1000cl.2 3 0.00 0.03 0.0 2700 2700 7000
4qbf-5cnf-100var-1600cl.2 3 0.00 0.03 0.0 2700 2700 7000
4qbf-5cnf-100var-600cl.1 3 24.11 24.14 16.0 2700 2700 7000
4qbf-5cnf-100var-600cl.2 3 0.00 0.03 0.0 2700 2700 7000
4qbf-5cnf-100var-800cl.2 3 0.00 0.03 0.0 2700 2700 7000
4qbf-5cnf-150var-1500cl.1 3 0.00 0.02 0.0 2700 2700 7000
4qbf-5cnf-150var-1500cl.2 3 0.00 0.02 0.0 2700 2700 7000
4qbf-5cnf-150var-1800cl.2 3 0.00 0.02 0.0 2700 2700 7000
4qbf-5cnf-150var-600cl.1 3 0.00 0.04 0.0 2700 2700 7000
4qbf-5cnf-150var-600cl.2 3 0.00 0.03 0.0 2700 2700 7000
4qbf-5cnf-150var-900cl.2 3 0.00 0.05 0.0 2700 2700 7000
4qbf-5cnf-50var-200cl.1 3 0.00 0.02 0.0 2700 2700 7000
4qbf-5cnf-50var-200cl.2 3 0.00 0.02 0.0 2700 2700 7000
4qbf-5cnf-50var-300cl.1 3 0.00 0.02 0.0 2700 2700 7000
4qbf-5cnf-50var-500cl.1 3 0.00 0.02 0.0 2700 2700 7000
4qbf-5cnf-50var-500cl.2 3 0.00 0.01 0.0 2700 2700 7000
4qbf-5cnf-50var-700cl.1 3 0.00 0.02 0.0 2700 2700 7000
4qbf-5cnf-50var-900cl.2 3 0.00 0.02 0.0 2700 2700 7000
5qbf-5cnf-100var-1000cl.2 3 80.22 80.43 35.0 2700 2700 7000
5qbf-5cnf-100var-1400cl.1 3 0.00 0.02 0.0 2700 2700 7000
5qbf-5cnf-100var-1400cl.2 3 0.00 0.02 0.0 2700 2700 7000
5qbf-5cnf-100var-800cl.1 3 0.00 0.01 0.0 2700 2700 7000
5qbf-5cnf-100var-800cl.2 3 0.00 0.02 0.0 2700 2700 7000
5qbf-5cnf-150var-1800cl.1 3 0.00 0.03 0.0 2700 2700 7000
5qbf-5cnf-150var-1800cl.2 3 0.00 0.02 0.0 2700 2700 7000
5qbf-5cnf-150var-2100cl.1 3 0.00 0.02 0.0 2700 2700 7000
5qbf-5cnf-150var-2100cl.2 3 0.00 0.02 0.0 2700 2700 7000
5qbf-5cnf-150var-600cl.1 3 0.00 0.02 0.0 2700 2700 7000
5qbf-5cnf-150var-600cl.2 3 0.00 0.01 0.0 2700 2700 7000
5qbf-5cnf-50var-300cl.1 3 0.00 0.02 0.0 2700 2700 7000
5qbf-5cnf-50var-300cl.2 3 0.00 0.02 0.0 2700 2700 7000
5qbf-5cnf-50var-800cl.2 3 0.00 0.02 0.0 2700 2700 7000
ActivityService 1 2699.94 2700.15 358.0 2700 2700 7000
ActivityService2 1 2699.98 2700.13 377.0 2700 2700 7000
GuidanceService 3 1.01 1.04 10.0 2700 2700 7000
GuidanceService2 3 0.90 0.93 10.0 2700 2700 7000
PhaseService 1 2699.98 2700.13 369.0 2700 2700 7000
arbiter-08-comp-error02-qbf-hardness-depth-9 1 2699.04 2700.13 412.0 2700 2700 7000
b20_C_3_2 1 2699.96 2700.15 625.0 2700 2700 7000
b21_C_3_206 1 2699.96 2700.13 432.0 2700 2700 7000
bobsm5378d2 1 2699.95 2700.15 225.0 2700 2700 7000
bobsm9234 1 2699.96 2700.12 235.0 2700 2700 7000
bobsmhdlc 1 2699.97 2700.14 213.0 2700 2700 7000
bobsmhdlc1 1 2699.94 2700.15 168.0 2700 2700 7000
bobsmhdlc2 1 2699.88 2700.14 191.0 2700 2700 7000
bobsmhdlc3 1 2699.89 2700.13 208.0 2700 2700 7000
bobtuint31neg 1 2699.96 2700.14 212.0 2700 2700 7000
c1_Debug_s3_f2_e1_v2 1 2699.98 2700.22 3524.0 2700 2700 7000
ceiling128 1 2694.81 2700.14 307.0 2700 2700 7000
ceiling256 1 2699.96 2700.12 446.0 2700 2700 7000
ceiling32 1 2699.98 2700.13 117.0 2700 2700 7000
decomposition128 1 2699.95 2700.13 183.0 2700 2700 7000
decomposition32 1 2700.01 2700.12 101.0 2700 2700 7000
dungeon_i15-m7-u4-v0.pddl_planlen=168 1 2699.97 2700.12 221.0 2700 2700 7000
dungeon_i15-m7-u4-v0.pddl_planlen=81 1 2699.97 2700.15 186.0 2700 2700 7000
eijkbs1512 1 2699.68 2700.13 161.0 2700 2700 7000
eijkbs3330 1 2699.96 2700.13 214.0 2700 2700 7000
eijkbs4863 1 2699.97 2700.13 272.0 2700 2700 7000
equalization32 1 2699.98 2700.13 140.0 2700 2700 7000
filesys_smbmrx_midatlas.c 1 2699.98 2700.13 506.0 2700 2700 7000
floor128 1 2699.98 2700.13 292.0 2700 2700 7000
floor256 1 2699.92 2700.15 433.0 2700 2700 7000
floor32 1 2699.99 2700.14 109.0 2700 2700 7000
hex_hein_4x4_06 1 2700.00 2700.15 108.0 2700 2700 7000
hex_hein_4x4_07 1 2699.97 2700.15 116.0 2700 2700 7000
hex_hein_4x4_12 3 165.50 165.60 32.0 2700 2700 7000
hex_rand_6x6-20m-4 3 20.54 20.70 20.0 2700 2700 7000
intermediate128 1 2699.96 2700.14 301.0 2700 2700 7000
intermediate32 1 2699.93 2700.15 116.0 2700 2700 7000
kenflashp01 1 2699.99 2700.16 116.0 2700 2700 7000
kenflashp02 1 2699.17 2700.14 108.0 2700 2700 7000
kenflashp04 1 2700.01 2700.15 106.0 2700 2700 7000
kenflashp12 1 2699.98 2700.15 122.0 2700 2700 7000
kenoopp1 1 2699.97 2700.16 103.0 2700 2700 7000
kmdf_pcidrv_sys_hw_physet.c 1 2699.98 2700.16 233.0 2700 2700 7000
lights3_021_1_022 1 2699.94 2700.15 307.0 2700 2700 7000
lights3_021_1_033 1 2699.96 2700.16 321.0 2700 2700 7000
lights3_035_1_021 1 2699.96 2700.13 473.0 2700 2700 7000
lights3_035_1_032 3 27.11 27.13 100.0 2700 2700 7000
lights3_035_1_059 1 2699.98 2700.15 444.0 2700 2700 7000
network_ndis_rtlnwifi_hw_hw_ccmp.c 1 2699.97 2700.13 495.0 2700 2700 7000
pdtpmsgigamax 1 2699.99 2700.14 144.0 2700 2700 7000
pdtpmsmiim 1 2699.99 2700.14 181.0 2700 2700 7000
pdtpmsrotate32 1 2699.98 2700.15 134.0 2700 2700 7000
s05378_PR_4_90 3 0.11 0.12 8.0 2700 2700 7000
s1196_1_5 1 2699.98 2700.15 281.0 2700 2700 7000
s13207_1_107 3 239.20 239.25 110.0 2700 2700 7000
s3330_1_70 3 9.20 9.29 27.0 2700 2700 7000
s38584_3_238 1 2699.98 2700.14 273.0 2700 2700 7000
s5378_1_0 3 1122.29 1122.36 182.0 2700 2700 7000
sortnetsort9.v.stepl.005 1 2699.99 2700.15 180.0 2700 2700 7000
stmt11_643_645 1 2699.97 2700.14 128.0 2700 2700 7000
stmt124_966_965 1 2699.97 2700.14 141.0 2700 2700 7000
stmt137_542_543 1 2699.90 2700.13 175.0 2700 2700 7000
stmt137_903_911 1 2699.97 2700.14 146.0 2700 2700 7000
stmt16_0_1 1 2700.00 2700.14 49.0 2700 2700 7000
stmt16_285_286 1 2699.98 2700.14 139.0 2700 2700 7000
stmt16_47_48 1 2699.89 2700.13 238.0 2700 2700 7000
stmt16_588_589 1 2699.93 2700.13 181.0 2700 2700 7000
stmt16_68_69 1 2699.96 2700.15 266.0 2700 2700 7000
stmt16_76_77 1 2699.96 2700.13 239.0 2700 2700 7000
stmt16_818_819 1 2699.81 2700.14 122.0 2700 2700 7000
stmt16_950_951 1 2699.85 2700.14 157.0 2700 2700 7000
stmt17_143_144 1 2700.01 2700.12 90.0 2700 2700 7000
stmt17_18_19 1 2699.99 2700.13 55.0 2700 2700 7000
stmt17_99_98 1 2699.95 2700.13 264.0 2700 2700 7000
stmt18_258_260 1 2699.87 2700.12 121.0 2700 2700 7000
stmt19_83_412 1 2699.17 2700.14 347.0 2700 2700 7000
stmt1_145_146 3 0.00 0.02 0.0 2700 2700 7000
stmt1_20_21 3 0.00 0.01 0.0 2700 2700 7000
stmt1_30_31 3 0.00 0.02 0.0 2700 2700 7000
stmt1_392_393 1 2699.97 2700.14 120.0 2700 2700 7000
stmt1_60_61 1 2699.66 2700.13 251.0 2700 2700 7000
stmt1_629_630 1 2699.96 2700.13 215.0 2700 2700 7000
stmt1_787_788 1 2699.97 2700.13 231.0 2700 2700 7000
stmt1_79_80 1 2699.98 2700.15 229.0 2700 2700 7000
stmt1_811_812 1 2700.01 2700.13 60.0 2700 2700 7000
stmt1_919_920 1 2697.74 2700.13 141.0 2700 2700 7000
stmt1_953_954 1 2699.99 2700.14 152.0 2700 2700 7000
stmt21_181_369 1 2699.91 2700.14 363.0 2700 2700 7000
stmt21_326_327 1 2699.98 2700.12 177.0 2700 2700 7000
stmt24_148_149 3 0.00 0.02 0.0 2700 2700 7000
stmt24_292_293 1 2699.97 2700.12 136.0 2700 2700 7000
stmt24_765_766 1 2699.94 2700.12 145.0 2700 2700 7000
stmt24_7_8 3 0.00 0.01 0.0 2700 2700 7000
stmt25_52_53 1 2699.96 2700.12 227.0 2700 2700 7000
stmt25_597_598 1 2699.97 2700.13 168.0 2700 2700 7000
stmt27_296_297 1 2700.00 2700.15 126.0 2700 2700 7000
stmt27_584_603 1 2699.97 2700.13 165.0 2700 2700 7000
stmt27_93_98 1 2699.94 2700.15 245.0 2700 2700 7000
stmt27_946_955 1 2699.89 2700.15 157.0 2700 2700 7000
stmt29_226_376 1 2699.97 2700.15 370.0 2700 2700 7000
stmt2_480_551 1 2699.97 2700.12 163.0 2700 2700 7000
stmt2_649_647 1 2699.89 2700.15 129.0 2700 2700 7000
stmt2_649_723 1 2699.56 2700.15 118.0 2700 2700 7000
stmt2_649_776 1 2699.98 2700.15 139.0 2700 2700 7000
stmt2_976_999 1 2699.96 2700.15 632.0 2700 2700 7000
stmt32_122_129 3 0.00 0.02 0.0 2700 2700 7000
stmt32_570_572 1 2699.97 2700.15 157.0 2700 2700 7000
stmt37_941_942 1 2699.98 2700.14 238.0 2700 2700 7000
stmt38_943_942 1 2699.20 2700.13 238.0 2700 2700 7000
stmt3_639_640 1 2700.00 2700.13 114.0 2700 2700 7000
stmt3_969_973 1 2699.98 2700.16 114.0 2700 2700 7000
stmt41_118_131 1 2700.01 2700.15 148.0 2700 2700 7000
stmt41_262_275 1 2699.99 2700.13 179.0 2700 2700 7000
stmt41_566_580 1 2699.91 2700.15 216.0 2700 2700 7000
stmt41_738_737 1 2699.97 2700.13 155.0 2700 2700 7000
stmt41_738_749 1 2699.95 2700.14 197.0 2700 2700 7000
stmt44_107_108 3 0.00 0.02 0.0 2700 2700 7000
stmt44_107_113 3 0.00 0.02 0.0 2700 2700 7000
stmt44_252_301 1 2699.97 2700.13 131.0 2700 2700 7000
stmt44_435_436 1 2699.96 2700.15 143.0 2700 2700 7000
stmt44_554_555 1 2699.92 2700.13 162.0 2700 2700 7000
stmt44_554_604 1 2699.72 2700.14 146.0 2700 2700 7000
stmt44_726_773 1 2699.97 2700.11 155.0 2700 2700 7000
stmt44_916_917 1 2699.95 2700.12 139.0 2700 2700 7000
stmt5_731_730 1 2699.84 2700.15 140.0 2700 2700 7000
stmt6_13_14 3 0.00 0.02 0.0 2700 2700 7000
stmt70_191_213 1 2699.99 2700.12 120.0 2700 2700 7000
stmt70_495_501 1 2699.98 2700.15 143.0 2700 2700 7000
stmt70_854_859 1 2699.99 2700.14 139.0 2700 2700 7000
stmt72_696_721 1 2699.98 2700.12 133.0 2700 2700 7000
stmt82_224_225 1 2699.99 2700.12 135.0 2700 2700 7000
stmt86_889_890 1 2699.97 2700.13 154.0 2700 2700 7000
stmt9_350_351 1 2699.85 2700.15 89.0 2700 2700 7000
stmt9_445_446 1 2699.55 2700.13 142.0 2700 2700 7000
toilet_a_02_01.2 3 0.00 0.02 0.0 2700 2700 7000
toilet_a_02_01.3 3 0.00 0.01 0.0 2700 2700 7000
toilet_a_04_01.2 3 0.00 0.02 0.0 2700 2700 7000
toilet_a_04_01.3 3 0.00 0.02 0.0 2700 2700 7000
toilet_a_04_01.4 3 0.00 0.02 0.0 2700 2700 7000
toilet_a_04_01.5 3 0.00 0.02 0.0 2700 2700 7000
toilet_a_04_01.6 3 0.00 0.02 0.0 2700 2700 7000
toilet_a_04_01.7 3 0.00 0.02 0.0 2700 2700 7000
toilet_a_04_01.8 3 0.00 0.02 0.0 2700 2700 7000
toilet_a_06_01.10 3 0.00 0.06 0.0 2700 2700 7000
toilet_a_06_01.11 3 0.10 0.14 5.0 2700 2700 7000
toilet_a_06_01.12 3 0.00 0.03 0.0 2700 2700 7000
toilet_a_06_01.2 3 0.00 0.02 0.0 2700 2700 7000
toilet_a_06_01.3 3 0.00 0.02 0.0 2700 2700 7000
toilet_a_06_01.4 3 0.00 0.02 0.0 2700 2700 7000
toilet_a_06_01.5 3 0.00 0.02 0.0 2700 2700 7000
toilet_a_06_01.6 3 0.00 0.02 0.0 2700 2700 7000
toilet_a_06_01.7 3 0.00 0.02 0.0 2700 2700 7000
toilet_a_06_01.8 3 0.00 0.03 0.0 2700 2700 7000
toilet_a_06_01.9 3 0.00 0.03 0.0 2700 2700 7000
toilet_a_06_05.2 3 0.00 0.03 0.0 2700 2700 7000
toilet_a_06_05.3 3 0.11 0.18 5.0 2700 2700 7000
toilet_a_08_01.10 3 0.00 0.05 0.0 2700 2700 7000
toilet_a_08_01.11 3 0.21 0.28 6.0 2700 2700 7000
toilet_a_08_01.12 3 0.81 0.90 6.0 2700 2700 7000
toilet_a_08_01.13 3 2.61 2.63 8.0 2700 2700 7000
toilet_a_08_01.14 3 12.80 12.88 13.0 2700 2700 7000
toilet_a_08_01.15 3 44.00 44.06 23.0 2700 2700 7000
toilet_a_08_01.16 3 0.11 0.15 6.0 2700 2700 7000
toilet_a_08_01.2 3 0.00 0.03 0.0 2700 2700 7000
toilet_a_08_01.3 3 0.00 0.03 0.0 2700 2700 7000
toilet_a_08_01.4 3 0.00 0.03 0.0 2700 2700 7000
toilet_a_08_01.5 3 0.00 0.03 0.0 2700 2700 7000
toilet_a_08_01.6 3 0.00 0.03 0.0 2700 2700 7000
toilet_a_08_01.7 3 0.00 0.03 0.0 2700 2700 7000
toilet_a_08_01.8 3 0.00 0.04 0.0 2700 2700 7000
toilet_a_08_01.9 3 0.00 0.05 0.0 2700 2700 7000
toilet_a_08_05.10 3 0.21 0.22 6.0 2700 2700 7000
toilet_a_08_05.2 3 0.00 0.04 0.0 2700 2700 7000
toilet_a_08_05.3 3 0.21 0.22 6.0 2700 2700 7000
toilet_a_08_05.4 3 0.10 0.13 6.0 2700 2700 7000
toilet_a_08_05.5 3 0.10 0.15 6.0 2700 2700 7000
toilet_a_08_05.6 3 0.11 0.16 6.0 2700 2700 7000
toilet_a_08_05.7 3 0.11 0.18 6.0 2700 2700 7000
toilet_a_08_05.8 3 0.11 0.19 6.0 2700 2700 7000
toilet_a_08_05.9 3 0.11 0.21 6.0 2700 2700 7000
toilet_a_10_01.10 3 0.11 0.18 7.0 2700 2700 7000
toilet_a_10_01.11 3 0.31 0.34 7.0 2700 2700 7000
toilet_a_10_01.12 3 1.10 1.18 8.0 2700 2700 7000
toilet_a_10_01.13 3 7.20 7.30 13.0 2700 2700 7000
toilet_a_10_01.14 3 13.01 13.09 19.0 2700 2700 7000
toilet_a_10_01.15 3 84.01 84.09 29.0 2700 2700 7000
toilet_a_10_01.16 3 293.31 293.33 57.0 2700 2700 7000
toilet_a_10_01.17 3 1749.11 1749.18 129.0 2700 2700 7000
toilet_a_10_01.18 1 2700.00 2700.12 163.0 2700 2700 7000
toilet_a_10_01.19 1 2699.98 2700.12 156.0 2700 2700 7000
toilet_a_10_01.2 3 0.00 0.08 0.0 2700 2700 7000
toilet_a_10_01.20 3 1.30 1.38 11.0 2700 2700 7000
toilet_a_10_01.3 3 0.00 0.09 0.0 2700 2700 7000
toilet_a_10_01.4 3 0.00 0.05 0.0 2700 2700 7000
toilet_a_10_01.5 3 0.00 0.08 0.0 2700 2700 7000
toilet_a_10_01.6 3 0.00 0.09 0.0 2700 2700 7000
toilet_a_10_01.7 3 0.00 0.09 0.0 2700 2700 7000
toilet_a_10_01.8 3 0.00 0.10 0.0 2700 2700 7000
toilet_a_10_01.9 3 0.00 0.11 0.0 2700 2700 7000
toilet_a_10_05.2 3 0.00 0.06 0.0 2700 2700 7000
toilet_a_10_05.3 3 0.20 0.26 7.0 2700 2700 7000
toilet_a_10_05.4 3 0.51 0.55 8.0 2700 2700 7000
toilet_c_02_01.2 3 0.00 0.02 0.0 2700 2700 7000
toilet_c_02_01.3 3 0.00 0.02 0.0 2700 2700 7000
toilet_c_04_01.2 3 0.00 0.02 0.0 2700 2700 7000
toilet_c_04_01.3 3 0.00 0.02 0.0 2700 2700 7000
toilet_c_04_01.4 3 0.00 0.02 0.0 2700 2700 7000
toilet_c_04_01.5 3 0.00 0.02 0.0 2700 2700 7000
toilet_c_04_01.6 3 0.00 0.02 0.0 2700 2700 7000
toilet_c_04_01.7 3 0.00 0.02 0.0 2700 2700 7000
toilet_c_04_01.8 3 0.00 0.02 0.0 2700 2700 7000
toilet_c_06_01.10 3 0.00 0.05 0.0 2700 2700 7000
toilet_c_06_01.11 3 0.00 0.09 0.0 2700 2700 7000
toilet_c_06_01.12 3 0.00 0.01 0.0 2700 2700 7000
toilet_c_06_01.2 3 0.00 0.02 0.0 2700 2700 7000
toilet_c_06_01.3 3 0.00 0.02 0.0 2700 2700 7000
toilet_c_06_01.4 3 0.00 0.02 0.0 2700 2700 7000
toilet_c_06_01.5 3 0.00 0.02 0.0 2700 2700 7000
toilet_c_06_01.6 3 0.00 0.01 0.0 2700 2700 7000
toilet_c_06_01.7 3 0.00 0.01 0.0 2700 2700 7000
toilet_c_06_01.8 3 0.00 0.02 0.0 2700 2700 7000
toilet_c_06_01.9 3 0.00 0.03 0.0 2700 2700 7000
toilet_c_06_05.2 3 0.00 0.02 0.0 2700 2700 7000
toilet_c_06_05.3 3 0.10 0.17 5.0 2700 2700 7000
toilet_c_06_05.4 3 0.00 0.03 0.0 2700 2700 7000
toilet_c_08_01.10 3 0.00 0.07 0.0 2700 2700 7000
toilet_c_08_01.11 3 0.11 0.17 5.0 2700 2700 7000
toilet_c_08_01.12 3 0.80 0.90 6.0 2700 2700 7000
toilet_c_08_01.13 3 2.40 2.42 8.0 2700 2700 7000
toilet_c_08_01.14 3 8.80 8.86 11.0 2700 2700 7000
toilet_c_08_01.15 3 36.80 36.88 25.0 2700 2700 7000
toilet_c_08_01.16 3 0.00 0.03 0.0 2700 2700 7000
toilet_c_08_01.2 3 0.00 0.02 0.0 2700 2700 7000
toilet_c_08_01.3 3 0.00 0.02 0.0 2700 2700 7000
toilet_c_08_01.4 3 0.00 0.02 0.0 2700 2700 7000
toilet_c_08_01.5 3 0.00 0.02 0.0 2700 2700 7000
toilet_c_08_01.6 3 0.00 0.02 0.0 2700 2700 7000
toilet_c_08_01.7 3 0.00 0.02 0.0 2700 2700 7000
toilet_c_08_01.8 3 0.00 0.03 0.0 2700 2700 7000
toilet_c_08_01.9 3 0.00 0.03 0.0 2700 2700 7000
toilet_c_08_05.10 3 0.00 0.06 0.0 2700 2700 7000
toilet_c_08_05.2 3 0.00 0.02 0.0 2700 2700 7000
toilet_c_08_05.3 3 0.21 0.28 6.0 2700 2700 7000
toilet_c_08_05.4 3 0.00 0.04 0.0 2700 2700 7000
toilet_c_08_05.5 3 0.00 0.04 0.0 2700 2700 7000
toilet_c_08_05.6 3 0.00 0.05 0.0 2700 2700 7000
toilet_c_08_05.7 3 0.00 0.05 0.0 2700 2700 7000
toilet_c_08_05.8 3 0.00 0.06 0.0 2700 2700 7000
toilet_c_08_05.9 3 0.00 0.06 0.0 2700 2700 7000
toilet_c_10_01.10 3 0.00 0.07 0.0 2700 2700 7000
toilet_c_10_01.11 3 0.10 0.12 0.0 2700 2700 7000
toilet_c_10_01.12 3 0.91 0.93 6.0 2700 2700 7000
toilet_c_10_01.13 3 4.00 4.04 8.0 2700 2700 7000
toilet_c_10_01.14 3 28.90 28.94 16.0 2700 2700 7000
toilet_c_10_01.15 3 42.30 42.39 23.0 2700 2700 7000
toilet_c_10_01.16 3 319.60 319.69 55.0 2700 2700 7000
toilet_c_10_01.17 3 1750.40 1750.43 127.0 2700 2700 7000
toilet_c_10_01.18 1 2699.66 2700.12 160.0 2700 2700 7000
toilet_c_10_01.19 1 2700.00 2700.12 139.0 2700 2700 7000
toilet_c_10_01.2 3 0.00 0.02 0.0 2700 2700 7000
toilet_c_10_01.20 3 0.00 0.04 0.0 2700 2700 7000
toilet_c_10_01.3 3 0.00 0.02 0.0 2700 2700 7000
toilet_c_10_01.4 3 0.00 0.02 0.0 2700 2700 7000
toilet_c_10_01.5 3 0.00 0.02 0.0 2700 2700 7000
toilet_c_10_01.6 3 0.00 0.02 0.0 2700 2700 7000
toilet_c_10_01.7 3 0.00 0.02 0.0 2700 2700 7000
toilet_c_10_01.8 3 0.00 0.03 0.0 2700 2700 7000
toilet_c_10_01.9 3 0.00 0.04 0.0 2700 2700 7000
toilet_c_10_05.10 3 0.00 0.07 0.0 2700 2700 7000
toilet_c_10_05.11 3 0.00 0.08 0.0 2700 2700 7000
toilet_c_10_05.12 3 0.00 0.08 0.0 2700 2700 7000
toilet_c_10_05.2 3 0.00 0.03 0.0 2700 2700 7000
toilet_c_10_05.3 3 0.21 0.24 6.0 2700 2700 7000
toilet_c_10_05.4 3 0.00 0.05 0.0 2700 2700 7000
toilet_c_10_05.5 3 0.00 0.05 0.0 2700 2700 7000
toilet_c_10_05.6 3 0.00 0.06 0.0 2700 2700 7000
toilet_c_10_05.7 3 0.00 0.06 0.0 2700 2700 7000
toilet_c_10_05.8 3 0.00 0.07 0.0 2700 2700 7000
toilet_c_10_05.9 3 0.00 0.07 0.0 2700 2700 7000
ttt_5x5-shape-1-GTTT-2-2-torus-0 1 2699.91 2700.12 181.0 2700 2700 7000
