filename ro to rr tr  0
2qbf-5cnf-100var-400cl.1 3 0.03 3 0.05  -0.02
2qbf-5cnf-150var-300cl.1 3 0.04 3 0.05  -0.01
2qbf-5cnf-150var-300cl.2 3 0.02 3 0.04  -0.02
2qbf-5cnf-150var-600cl.1 3 0.02 3 0.04  -0.02
2qbf-5cnf-150var-600cl.2 3 0.04 3 0.03  0.01
2qbf-5cnf-50var-300cl.2 3 0.05 3 0.03  0.02
3qbf-5cnf-100var-1200cl.1 3 0.02 3 0.02  0
3qbf-5cnf-100var-1200cl.2 3 0.02 3 0.03  -0.01
3qbf-5cnf-100var-400cl.1 3 0.02 3 0.02  0
3qbf-5cnf-100var-400cl.2 3 0.03 3 0.02  0.01
3qbf-5cnf-150var-1200cl.1 3 0.02 3 0.01  0.01
3qbf-5cnf-150var-1200cl.2 3 0.03 3 0.02  0.01
3qbf-5cnf-150var-1500cl.1 3 0.02 3 0.02  0
3qbf-5cnf-150var-1500cl.2 3 0.02 3 0.02  0
4qbf-5cnf-100var-1000cl.2 3 0.03 3 0.02  0.01
4qbf-5cnf-100var-1600cl.2 3 0.03 3 0.02  0.01
4qbf-5cnf-100var-600cl.1 3 24.14 3 2005.96  -1981.82
4qbf-5cnf-100var-600cl.2 3 0.03 3 0.07  -0.04
4qbf-5cnf-100var-800cl.2 3 0.03 3 0.05  -0.02
4qbf-5cnf-150var-1500cl.1 3 0.02 3 0.03  -0.01
4qbf-5cnf-150var-1500cl.2 3 0.02 3 0.02  0
4qbf-5cnf-150var-1800cl.2 3 0.02 3 0.02  0
4qbf-5cnf-150var-600cl.1 3 0.04 3 0.06  -0.02
4qbf-5cnf-150var-600cl.2 3 0.03 3 0.04  -0.01
4qbf-5cnf-150var-900cl.2 3 0.05 3 0.06  -0.01
4qbf-5cnf-50var-200cl.1 3 0.02 3 0.08  -0.06
4qbf-5cnf-50var-200cl.2 3 0.02 3 0.02  0
4qbf-5cnf-50var-300cl.1 3 0.02 3 0.03  -0.01
4qbf-5cnf-50var-500cl.1 3 0.02 3 0.01  0.01
4qbf-5cnf-50var-500cl.2 3 0.01 3 0.02  -0.01
4qbf-5cnf-50var-700cl.1 3 0.02 3 0.02  0
4qbf-5cnf-50var-900cl.2 3 0.02 3 0.01  0.01
5qbf-5cnf-100var-1000cl.2 3 80.43 3 105.51  -25.08
5qbf-5cnf-100var-1400cl.1 3 0.02 3 0.03  -0.01
5qbf-5cnf-100var-1400cl.2 3 0.02 3 0.03  -0.01
5qbf-5cnf-100var-800cl.1 3 0.01 3 0.01  0
5qbf-5cnf-100var-800cl.2 3 0.02 3 0.02  0
5qbf-5cnf-150var-1800cl.1 3 0.03 3 0.02  0.01
5qbf-5cnf-150var-1800cl.2 3 0.02 3 0.02  0
5qbf-5cnf-150var-2100cl.1 3 0.02 3 0.02  0
5qbf-5cnf-150var-2100cl.2 3 0.02 3 0.02  0
5qbf-5cnf-150var-600cl.1 3 0.02 3 0.01  0.01
5qbf-5cnf-150var-600cl.2 3 0.01 3 0.01  0
5qbf-5cnf-50var-300cl.1 3 0.02 3 0.01  0.01
5qbf-5cnf-50var-300cl.2 3 0.02 3 0.01  0.01
5qbf-5cnf-50var-800cl.2 3 0.02 3 0.06  -0.04
ActivityService 1 2700.15 1 2700.10  0.05
ActivityService2 1 2700.13 1 2700.10  0.03
GuidanceService 3 1.04 3 0.90  0.14
GuidanceService2 3 0.93 3 0.90  0.03
PhaseService 1 2700.13 1 2700.11  0.02
arbiter-08-comp-error02-qbf-hardness-depth-9 1 2700.13 1 2700.10  0.03
b20_C_3_2 1 2700.15 1 2700.10  0.05
b21_C_3_206 1 2700.13 1 2700.11  0.02
bobsm5378d2 1 2700.15 1 2700.10  0.05
bobsm9234 1 2700.12 1 2700.11  0.01
bobsmhdlc 1 2700.14 1 2700.10  0.04
bobsmhdlc1 1 2700.15 1 2700.10  0.05
bobsmhdlc2 1 2700.14 1 2700.11  0.03
bobsmhdlc3 1 2700.13 1 2700.10  0.03
bobtuint31neg 1 2700.14 1 2700.10  0.04
c1_Debug_s3_f2_e1_v2 1 2700.22 1 2700.16  0.06
ceiling128 1 2700.14 1 2700.10  0.04
ceiling256 1 2700.12 1 2700.11  0.01
ceiling32 1 2700.13 1 2700.10  0.03
decomposition128 1 2700.13 3 0.06  2700.07
decomposition32 1 2700.12 3 0.02  2700.1
dungeon_i15-m7-u4-v0.pddl_planlen=168 1 2700.12 1 2700.11  0.01
dungeon_i15-m7-u4-v0.pddl_planlen=81 1 2700.15 1 2700.11  0.04
eijkbs1512 1 2700.13 1 2700.10  0.03
eijkbs3330 1 2700.13 1 2700.11  0.02
eijkbs4863 1 2700.13 1 2700.10  0.03
equalization32 1 2700.13 3 0.02  2700.11
filesys_smbmrx_midatlas.c 1 2700.13 1 2700.10  0.03
floor128 1 2700.13 1 2700.10  0.03
floor256 1 2700.15 1 2700.13  0.02
floor32 1 2700.14 1 2700.15  -0.01
hex_hein_4x4_06 1 2700.15 1 2700.13  0.02
hex_hein_4x4_07 1 2700.15 1 2700.11  0.04
hex_hein_4x4_12 3 165.60 3 76.77  88.83
hex_rand_6x6-20m-4 3 20.70 3 18.22  2.48
intermediate128 1 2700.14 1 2700.11  0.03
intermediate32 1 2700.15 1 2700.10  0.05
kenflashp01 1 2700.16 1 2700.12  0.04
kenflashp02 1 2700.14 1 2700.12  0.02
kenflashp04 1 2700.15 1 2700.13  0.02
kenflashp12 1 2700.15 1 2700.13  0.02
kenoopp1 1 2700.16 1 2700.13  0.03
kmdf_pcidrv_sys_hw_physet.c 1 2700.16 1 2700.11  0.05
lights3_021_1_022 1 2700.15 1 2700.12  0.03
lights3_021_1_033 1 2700.16 1 2700.12  0.04
lights3_035_1_021 1 2700.13 3 28.03  2672.1
lights3_035_1_032 3 27.13 3 15.97  11.16
lights3_035_1_059 1 2700.15 1 2700.12  0.03
network_ndis_rtlnwifi_hw_hw_ccmp.c 1 2700.13 1 2700.11  0.02
pdtpmsgigamax 1 2700.14 1 2700.11  0.03
pdtpmsmiim 1 2700.14 1 2700.11  0.03
pdtpmsrotate32 1 2700.15 1 2700.11  0.04
s05378_PR_4_90 3 0.12 3 0.12  0
s1196_1_5 1 2700.15 1 2700.11  0.04
s13207_1_107 3 239.25 3 238.86  0.39
s3330_1_70 3 9.29 3 8.37  0.92
s38584_3_238 1 2700.14 1 2700.10  0.04
s5378_1_0 3 1122.36 3 1092.12  30.24
sortnetsort9.v.stepl.005 1 2700.15 1 2700.15  0
stmt11_643_645 1 2700.14 1 2700.12  0.02
stmt124_966_965 1 2700.14 1 2700.11  0.03
stmt137_542_543 1 2700.13 1 2700.13  0
stmt137_903_911 1 2700.14 1 2700.14  0
stmt16_0_1 1 2700.14 1 2700.11  0.03
stmt16_285_286 1 2700.14 1 2700.11  0.03
stmt16_47_48 1 2700.13 1 2700.11  0.02
stmt16_588_589 1 2700.13 1 2700.13  0
stmt16_68_69 1 2700.15 1 2700.12  0.03
stmt16_76_77 1 2700.13 1 2700.14  -0.01
stmt16_818_819 1 2700.14 1 2700.12  0.02
stmt16_950_951 1 2700.14 1 2700.13  0.01
stmt17_143_144 1 2700.12 1 2700.11  0.01
stmt17_18_19 1 2700.13 1 2700.12  0.01
stmt17_99_98 1 2700.13 1 2700.13  0
stmt18_258_260 1 2700.12 1 2700.12  0
stmt19_83_412 1 2700.14 1 2700.11  0.03
stmt1_145_146 3 0.02 3 0.08  -0.06
stmt1_20_21 3 0.01 3 0.04  -0.03
stmt1_30_31 3 0.02 3 0.03  -0.01
stmt1_392_393 1 2700.14 1 2700.11  0.03
stmt1_60_61 1 2700.13 1 2700.12  0.01
stmt1_629_630 1 2700.13 1 2700.13  0
stmt1_787_788 1 2700.13 1 2700.13  0
stmt1_79_80 1 2700.15 1 2700.12  0.03
stmt1_811_812 1 2700.13 1 2700.11  0.02
stmt1_919_920 1 2700.13 1 2700.11  0.02
stmt1_953_954 1 2700.14 1 2700.10  0.04
stmt21_181_369 1 2700.14 1 2700.10  0.04
stmt21_326_327 1 2700.12 1 2700.15  -0.03
stmt24_148_149 3 0.02 3 0.03  -0.01
stmt24_292_293 1 2700.12 1 2700.14  -0.02
stmt24_765_766 1 2700.12 1 2700.14  -0.02
stmt24_7_8 3 0.01 3 0.01  0
stmt25_52_53 1 2700.12 1 2700.12  0
stmt25_597_598 1 2700.13 1 2700.11  0.02
stmt27_296_297 1 2700.15 1 2700.13  0.02
stmt27_584_603 1 2700.13 1 2700.11  0.02
stmt27_93_98 1 2700.15 1 2700.10  0.05
stmt27_946_955 1 2700.15 1 2700.12  0.03
stmt29_226_376 1 2700.15 1 2700.12  0.03
stmt2_480_551 1 2700.12 1 2700.11  0.01
stmt2_649_647 1 2700.15 1 2700.13  0.02
stmt2_649_723 1 2700.15 1 2700.11  0.04
stmt2_649_776 1 2700.15 1 2700.14  0.01
stmt2_976_999 1 2700.15 3 0.03  2700.12
stmt32_122_129 3 0.02 3 0.04  -0.02
stmt32_570_572 1 2700.15 1 2700.13  0.02
stmt37_941_942 1 2700.14 1 2700.10  0.04
stmt38_943_942 1 2700.13 1 2700.11  0.02
stmt3_639_640 1 2700.13 1 2700.12  0.01
stmt3_969_973 1 2700.16 1 2700.12  0.04
stmt41_118_131 1 2700.15 1 2700.13  0.02
stmt41_262_275 1 2700.13 1 2700.13  0
stmt41_566_580 1 2700.15 1 2700.11  0.04
stmt41_738_737 1 2700.13 1 2700.12  0.01
stmt41_738_749 1 2700.14 1 2700.11  0.03
stmt44_107_108 3 0.02 3 0.02  0
stmt44_107_113 3 0.02 3 0.02  0
stmt44_252_301 1 2700.13 1 2700.10  0.03
stmt44_435_436 1 2700.15 1 2700.13  0.02
stmt44_554_555 1 2700.13 1 2700.14  -0.01
stmt44_554_604 1 2700.14 1 2700.14  0
stmt44_726_773 1 2700.11 1 2700.13  -0.02
stmt44_916_917 1 2700.12 1 2700.12  0
stmt5_731_730 1 2700.15 1 2700.12  0.03
stmt6_13_14 3 0.02 3 0.01  0.01
stmt70_191_213 1 2700.12 1 2700.13  -0.01
stmt70_495_501 1 2700.15 1 2700.11  0.04
stmt70_854_859 1 2700.14 1 2700.12  0.02
stmt72_696_721 1 2700.12 1 2700.13  -0.01
stmt82_224_225 1 2700.12 1 2700.12  0
stmt86_889_890 1 2700.13 1 2700.11  0.02
stmt9_350_351 1 2700.15 1 2700.11  0.04
stmt9_445_446 1 2700.13 1 2700.11  0.02
toilet_a_02_01.2 3 0.02 3 0.02  0
toilet_a_02_01.3 3 0.01 3 0.01  0
toilet_a_04_01.2 3 0.02 3 0.03  -0.01
toilet_a_04_01.3 3 0.02 3 0.01  0.01
toilet_a_04_01.4 3 0.02 3 0.02  0
toilet_a_04_01.5 3 0.02 3 0.01  0.01
toilet_a_04_01.6 3 0.02 3 0.02  0
toilet_a_04_01.7 3 0.02 3 0.01  0.01
toilet_a_04_01.8 3 0.02 3 0.02  0
toilet_a_06_01.10 3 0.06 3 0.04  0.02
toilet_a_06_01.11 3 0.14 3 0.09  0.05
toilet_a_06_01.12 3 0.03 3 0.03  0
toilet_a_06_01.2 3 0.02 3 0.01  0.01
toilet_a_06_01.3 3 0.02 3 0.01  0.01
toilet_a_06_01.4 3 0.02 3 0.02  0
toilet_a_06_01.5 3 0.02 3 0.01  0.01
toilet_a_06_01.6 3 0.02 3 0.02  0
toilet_a_06_01.7 3 0.02 3 0.02  0
toilet_a_06_01.8 3 0.03 3 0.05  -0.02
toilet_a_06_01.9 3 0.03 3 0.03  0
toilet_a_06_05.2 3 0.03 3 0.03  0
toilet_a_06_05.3 3 0.18 3 0.13  0.05
toilet_a_08_01.10 3 0.05 3 0.08  -0.03
toilet_a_08_01.11 3 0.28 3 0.29  -0.01
toilet_a_08_01.12 3 0.90 3 0.63  0.27
toilet_a_08_01.13 3 2.63 3 2.33  0.3
toilet_a_08_01.14 3 12.88 3 8.05  4.83
toilet_a_08_01.15 3 44.06 3 35.79  8.27
toilet_a_08_01.16 3 0.15 3 0.11  0.04
toilet_a_08_01.2 3 0.03 3 0.03  0
toilet_a_08_01.3 3 0.03 3 0.05  -0.02
toilet_a_08_01.4 3 0.03 3 0.02  0.01
toilet_a_08_01.5 3 0.03 3 0.03  0
toilet_a_08_01.6 3 0.03 3 0.02  0.01
toilet_a_08_01.7 3 0.03 3 0.04  -0.01
toilet_a_08_01.8 3 0.04 3 0.05  -0.01
toilet_a_08_01.9 3 0.05 3 0.04  0.01
toilet_a_08_05.10 3 0.22 3 0.13  0.09
toilet_a_08_05.2 3 0.04 3 0.03  0.01
toilet_a_08_05.3 3 0.22 3 0.15  0.07
toilet_a_08_05.4 3 0.13 3 0.08  0.05
toilet_a_08_05.5 3 0.15 3 0.09  0.06
toilet_a_08_05.6 3 0.16 3 0.10  0.06
toilet_a_08_05.7 3 0.18 3 0.11  0.07
toilet_a_08_05.8 3 0.19 3 0.12  0.07
toilet_a_08_05.9 3 0.21 3 0.14  0.07
toilet_a_10_01.10 3 0.18 3 0.11  0.07
toilet_a_10_01.11 3 0.34 3 0.22  0.12
toilet_a_10_01.12 3 1.18 3 0.79  0.39
toilet_a_10_01.13 3 7.30 3 4.81  2.49
toilet_a_10_01.14 3 13.09 3 11.88  1.21
toilet_a_10_01.15 3 84.09 3 50.73  33.36
toilet_a_10_01.16 3 293.33 3 231.44  61.89
toilet_a_10_01.17 3 1749.18 3 1380.88  368.3
toilet_a_10_01.18 1 2700.12 1 2700.11  0.01
toilet_a_10_01.19 1 2700.12 1 2700.12  0
toilet_a_10_01.2 3 0.08 3 0.05  0.03
toilet_a_10_01.20 3 1.38 3 0.79  0.59
toilet_a_10_01.3 3 0.09 3 0.08  0.01
toilet_a_10_01.4 3 0.05 3 0.05  0
toilet_a_10_01.5 3 0.08 3 0.06  0.02
toilet_a_10_01.6 3 0.09 3 0.06  0.03
toilet_a_10_01.7 3 0.09 3 0.05  0.04
toilet_a_10_01.8 3 0.10 3 0.06  0.04
toilet_a_10_01.9 3 0.11 3 0.06  0.05
toilet_a_10_05.2 3 0.06 3 0.06  0
toilet_a_10_05.3 3 0.26 3 0.21  0.05
toilet_a_10_05.4 3 0.55 3 0.50  0.05
toilet_c_02_01.2 3 0.02 3 0.04  -0.02
toilet_c_02_01.3 3 0.02 3 0.01  0.01
toilet_c_04_01.2 3 0.02 3 0.01  0.01
toilet_c_04_01.3 3 0.02 3 0.03  -0.01
toilet_c_04_01.4 3 0.02 3 0.01  0.01
toilet_c_04_01.5 3 0.02 3 0.01  0.01
toilet_c_04_01.6 3 0.02 3 0.03  -0.01
toilet_c_04_01.7 3 0.02 3 0.02  0
toilet_c_04_01.8 3 0.02 3 0.03  -0.01
toilet_c_06_01.10 3 0.05 3 0.05  0
toilet_c_06_01.11 3 0.09 3 0.07  0.02
toilet_c_06_01.12 3 0.01 3 0.01  0
toilet_c_06_01.2 3 0.02 3 0.01  0.01
toilet_c_06_01.3 3 0.02 3 0.01  0.01
toilet_c_06_01.4 3 0.02 3 0.04  -0.02
toilet_c_06_01.5 3 0.02 3 0.04  -0.02
toilet_c_06_01.6 3 0.01 3 0.04  -0.03
toilet_c_06_01.7 3 0.01 3 0.03  -0.02
toilet_c_06_01.8 3 0.02 3 0.02  0
toilet_c_06_01.9 3 0.03 3 0.04  -0.01
toilet_c_06_05.2 3 0.02 3 0.04  -0.02
toilet_c_06_05.3 3 0.17 3 0.12  0.05
toilet_c_06_05.4 3 0.03 3 0.03  0
toilet_c_08_01.10 3 0.07 3 0.06  0.01
toilet_c_08_01.11 3 0.17 3 0.11  0.06
toilet_c_08_01.12 3 0.90 3 0.86  0.04
toilet_c_08_01.13 3 2.42 3 2.32  0.1
toilet_c_08_01.14 3 8.86 3 7.86  1
toilet_c_08_01.15 3 36.88 3 30.42  6.46
toilet_c_08_01.16 3 0.03 3 0.02  0.01
toilet_c_08_01.2 3 0.02 3 0.02  0
toilet_c_08_01.3 3 0.02 3 0.02  0
toilet_c_08_01.4 3 0.02 3 0.02  0
toilet_c_08_01.5 3 0.02 3 0.01  0.01
toilet_c_08_01.6 3 0.02 3 0.01  0.01
toilet_c_08_01.7 3 0.02 3 0.03  -0.01
toilet_c_08_01.8 3 0.03 3 0.02  0.01
toilet_c_08_01.9 3 0.03 3 0.04  -0.01
toilet_c_08_05.10 3 0.06 3 0.06  0
toilet_c_08_05.2 3 0.02 3 0.03  -0.01
toilet_c_08_05.3 3 0.28 3 0.19  0.09
toilet_c_08_05.4 3 0.04 3 0.03  0.01
toilet_c_08_05.5 3 0.04 3 0.05  -0.01
toilet_c_08_05.6 3 0.05 3 0.03  0.02
toilet_c_08_05.7 3 0.05 3 0.05  0
toilet_c_08_05.8 3 0.06 3 0.03  0.03
toilet_c_08_05.9 3 0.06 3 0.06  0
toilet_c_10_01.10 3 0.07 3 0.06  0.01
toilet_c_10_01.11 3 0.12 3 0.11  0.01
toilet_c_10_01.12 3 0.93 3 0.64  0.29
toilet_c_10_01.13 3 4.04 3 2.72  1.32
toilet_c_10_01.14 3 28.94 3 17.96  10.98
toilet_c_10_01.15 3 42.39 3 35.29  7.1
toilet_c_10_01.16 3 319.69 3 225.66  94.03
toilet_c_10_01.17 3 1750.43 3 1761.68  -11.25
toilet_c_10_01.18 1 2700.12 1 2700.10  0.02
toilet_c_10_01.19 1 2700.12 1 2700.10  0.02
toilet_c_10_01.2 3 0.02 3 0.03  -0.01
toilet_c_10_01.20 3 0.04 3 0.05  -0.01
toilet_c_10_01.3 3 0.02 3 0.02  0
toilet_c_10_01.4 3 0.02 3 0.02  0
toilet_c_10_01.5 3 0.02 3 0.02  0
toilet_c_10_01.6 3 0.02 3 0.01  0.01
toilet_c_10_01.7 3 0.02 3 0.03  -0.01
toilet_c_10_01.8 3 0.03 3 0.03  0
toilet_c_10_01.9 3 0.04 3 0.05  -0.01
toilet_c_10_05.10 3 0.07 3 0.05  0.02
toilet_c_10_05.11 3 0.08 3 0.05  0.03
toilet_c_10_05.12 3 0.08 3 0.09  -0.01
toilet_c_10_05.2 3 0.03 3 0.03  0
toilet_c_10_05.3 3 0.24 3 0.18  0.06
toilet_c_10_05.4 3 0.05 3 0.03  0.02
toilet_c_10_05.5 3 0.05 3 0.05  0
toilet_c_10_05.6 3 0.06 3 0.04  0.02
toilet_c_10_05.7 3 0.06 3 0.04  0.02
toilet_c_10_05.8 3 0.07 3 0.04  0.03
toilet_c_10_05.9 3 0.07 3 0.04  0.03
ttt_5x5-shape-1-GTTT-2-2-torus-0 1 2700.12 1 2700.12  0
