filename result time real space tlim rlim slim
stmt16_0_1 3 33.61 33.75 54.0 12000 12000 7000
stmt16_47_48 3 7439.98 7439.96 4312.0 12000 12000 7000
stmt16_68_69 3 7758.55 7758.82 4311.0 12000 12000 7000
stmt16_76_77 3 7393.38 7393.57 4313.0 12000 12000 7000
stmt17_143_144 3 4265.06 4265.19 637.0 12000 12000 7000
stmt17_18_19 3 1099.51 1102.04 310.0 12000 12000 7000
stmt17_99_98 3 7551.41 7551.69 4312.0 12000 12000 7000
stmt1_145_146 3 0.00 0.20 5.0 12000 12000 7000
stmt1_20_21 3 0.00 0.05 0.0 12000 12000 7000
stmt1_30_31 3 0.00 0.01 0.0 12000 12000 7000
stmt1_60_61 3 8448.96 8449.27 4332.0 12000 12000 7000
stmt1_79_80 3 9415.73 9415.85 4346.0 12000 12000 7000
stmt1_811_812 3 23.45 23.70 29.0 12000 12000 7000
stmt24_148_149 3 0.00 0.01 0.0 12000 12000 7000
stmt24_7_8 3 0.00 0.01 0.0 12000 12000 7000
stmt25_52_53 3 9340.23 9340.38 4351.0 12000 12000 7000
stmt27_93_98 3 9072.32 9072.72 4331.0 12000 12000 7000
stmt2_976_999 3 5175.46 5175.86 4272.0 12000 12000 7000
stmt32_122_129 3 0.00 0.12 0.0 12000 12000 7000
stmt3_969_973 3 3221.51 3221.64 491.0 12000 12000 7000
stmt44_107_108 3 0.00 0.24 4.0 12000 12000 7000
stmt44_107_113 3 0.00 0.24 4.0 12000 12000 7000
stmt6_13_14 3 0.00 0.01 0.0 12000 12000 7000
