filename result time real space tlim rlim slim
stmt11_643_645 3 3443.87 3443.85 38.0 12000 12000 7000
stmt16_0_1 3 0.91 0.95 4.0 12000 12000 7000
stmt17_143_144 3 24.60 24.69 9.0 12000 12000 7000
stmt17_18_19 3 9.00 9.05 7.0 12000 12000 7000
stmt18_258_260 3 6527.76 6527.86 57.0 12000 12000 7000
stmt1_145_146 3 0.00 0.02 0.0 12000 12000 7000
stmt1_20_21 3 0.00 0.01 0.0 12000 12000 7000
stmt1_30_31 3 0.00 0.01 0.0 12000 12000 7000
stmt1_392_393 3 2460.81 2460.88 35.0 12000 12000 7000
stmt1_811_812 3 0.90 0.95 5.0 12000 12000 7000
stmt24_148_149 3 0.00 0.01 0.0 12000 12000 7000
stmt24_7_8 3 0.00 0.01 0.0 12000 12000 7000
stmt32_122_129 3 0.00 0.01 0.0 12000 12000 7000
stmt3_639_640 3 89.90 90.00 12.0 12000 12000 7000
stmt3_969_973 3 7.51 7.60 7.0 12000 12000 7000
stmt44_107_108 3 0.00 0.01 0.0 12000 12000 7000
stmt44_107_113 3 0.00 0.01 0.0 12000 12000 7000
stmt44_252_301 3 6648.88 6648.92 58.0 12000 12000 7000
stmt6_13_14 3 0.00 0.01 0.0 12000 12000 7000
stmt70_191_213 3 3027.01 3027.05 41.0 12000 12000 7000
stmt9_350_351 3 1087.20 1087.28 25.0 12000 12000 7000
